30901
30321
30751
35096
30406
30781
30756
30968
30950
31003
30278
35114
30819
30547
30300
30878
35098
35050
30513
30691
30510
30565
30908
34797
30668
34830
30498
34849
34751
30336
35064
34863
30985
30554
35048
30439
35113
30863
34673
30614
30678
30586
30665
30340
30472
30785
30283
35055
34886
35026
35092
34814
30573
30981
30419
30597
30648
34756
30813
30783
30778
35066
34812
30605
30911
34675
30245
34778
30509
30604
30866
35052
30338
30820
34858
30626
35019
30244
30430
34918
34690
34915
30569
30958
30602
30490
35005
30739
34744
30845
34950
30944
30378
30286
30308
30534
34739
30860
30624
30766
34866
30926
34876
34706
30384
30436
30487
30837
30350
30409
34730
30522
35093
35116
34977
30285
35079
30689
30542
30386
34772
30331
34890
30238
35074
30899
34921
30881
30568
30763
34882
30671
34683
30593
30737
35137
35161
34677
30237
34712
30274
30316
30445
30552
30815
35070
30334
30332
30858
30876
30263
34850
30452
35132
34842
30712
35122
30449
30516
34979
30243
30615
30940
30387
30724
35021
30868
30330
30591
30855
30580
30977
34943
30275
30740
34884
35135
34845
30650
30857
35084
35169
30290
30594
34927
30451
34725
34909
30718
34854
30701
34792
30424
30883
30831
34883
30511
30646
30365
30395
30935
34722
30655
30861
30512
30289
30988
35040
34998
30684
34787
34955
34888
30690
30541
30979
35160
30803
30362
30508
34724
34965
30459
30379
30567
30284
35149
30658
30824
30965
34701
34966
30828
34999
30429
30798
30347
34809
30877
35165
35016
34951
34688
34743
34697
35043
30556
34747
34974
30545
34920
30921
30366
30799
30346
34698
35166
35133
34870
30457
30872
35157
34996
34913
30595
34780
34670
34831
30464
35029
34961
30871
30774
34733
30426
30307
35125
30432
34860
30869
35000
30277
30398
30669
30288
30401
35153
34914
30808
30476
30526
30634
30388
30629
30688
30418
34868
35105
34687
35101
34981
35058
34685
34932
30682
30405
30301
30311
30749
30299
34957
30951
34732
30823
34783
35144
30380
30371
30485
30794
34946
35047
34989
35041
30239
30612
30354
30649
30704
30621
34800
35046
34805
34912
34816
30611
30609
30694
30431
34940
34900
30372
34728
30280
30421
34835
30533
30390
30989
34844
35009
35014
30448
30924
30930
34767
30955
30588
34970
34693
34760
35062
30685
30420
30639
30252
35154
30720
30515
34807
34972
30886
34947
34686
30801
30414
30281
34848
34986
30991
34727
34911
30993
30722
34960
35018
30428
34719
35107
35045
30768
35027
34877
30543
30874
30255
34889
30903
30974
30582
34879
30519
30818
30470
35140
35123
30852
30454
30440
30532
34864
34964
35072
34804
35171
35121
30890
35115
30592
30400
30934
34768
34936
30271
34789
35112
35129
30800
34753
30320
30337
30261
30762
30620
30913
30310
30715
35110
35094
30773
35151
30744
30257
35033
30919
30246
30298
30523
34696
35106
30941
30984
30417
30713
30752
30767
34997
35077
34709
30407
35097
34892
29526
30888
34993
30296
30467
30797
35155
30496
34926
34700
30443
30557
30399
31005
35023
35083
30297
34731
30616
30537
34773
34717
30971
30323
30596
30931
30666
34954
30268
30834
34798
34840
30644
30726
30564
30546
30613
35087
35030
30830
30990
30327
30809
30846
30469
35118
34829
30535
30502
34931
30293
30841
30606
35152
30922
30745
34987
30471
34718
30601
30859
30943
30790
30957
34878
30610
30795
30747
30642
30675
30548
34897
30585
35081
30721
34779
35042
30822
31002
34919
35025
34723
34769
30302
30295
34881
30873
30357
34711
30618
34764
35076
30885
30423
34714
30267
35004
34821
30746
30314
30627
34691
34851
34759
30361
30976
34713
30248
30425
30256
34684
34746
30702
30303
35017
34674
34910
30412
30754
35015
34788
30918
30738
30750
34819
34874
34689
30952
30735
30953
30835
30370
30983
30389
30383
34865
34745
35141
35075
34716
34982
30344
30572
35142
34715
35111
30520
35069
30583
30385
30504
30577
30891
30776
30862
34939
34681
30497
35032
35143
35006
30784
34956
30410
30676
35020
30635
30465
34815
30374
30932
34694
34826
30411
30404
34862
19197
3588
18976
3232
2571
19262
19230
3216
18556
3223
18760
18484
3429
18537
2781
18474
18504
2623
19357
18783
19045
19178
18777
19078
18573
18697
18656
18718
18391
18703
3177
3354
19123
18682
19038
19348
3293
19135
3475
18901
2508
2541
2800
3457
19296
3401
2499
19119
18388
18961
2619
19001
18402
19246
18392
3333
3272
18565
2675
3594
18918
2535
2813
3253
18813
2401
19153
3541
2729
18896
19226
18543
2676
18706
2489
19379
19155
3399
3332
19192
2794
2416
2594
19024
3231
18362
3274
18698
18743
18519
3524
18755
3262
19169
19338
18613
18748
18480
2652
18832
19035
2750
18572
2542
18753
18805
18390
2760
19316
19295
19368
2792
18418
19037
2494
19008
3192
2655
18616
2636
3279
3341
3480
3545
3207
3512
18652
18448
3483
18367
18931
3488
19384
19091
3419
19284
18592
3340
18908
18810
2609
3497
2406
2566
3317
2662
3251
18654
19186
3342
2709
18433
18765
18752
19223
2832
18716
19321
19108
2449
3519
18835
3270
19134
3466
18819
19016
3384
19113
18674
19390
18797
3377
2690
18790
18829
2544
3215
19331
18501
2388
2581
2810
18449
2637
18512
18954
18729
18485
19145
2597
2723
18374
18740
18854
18583
2824
3387
18574
18913
18967
18576
3303
18826
2410
3386
19260
3327
3500
19092
18800
2604
18443
19350
3572
3549
2621
3324
19336
3374
18681
18645
18369
2771
19105
2473
2432
3392
2693
18451
3438
18586
2460
18735
18821
2639
18694
3507
18711
3357
18852
19385
19210
19147
19142
19066
2526
3393
2558
3305
3174
19277
3557
3410
18643
18591
3391
3498
19309
2749
3212
2779
2431
2672
2487
18550
3440
2392
3583
19139
2677
2807
2669
2543
19265
18689
19195
18959
3553
3282
2517
18895
3222
3470
19339
19076
3348
3530
18415
19337
19322
18545
19166
3211
2793
3522
2667
2777
19325
18995
19115
2577
19103
18417
18905
19007
19125
3195
3265
2664
19307
3414
18427
3322
3301
18404
18435
19137
2555
18629
19194
18469
3335
3424
18767
18684
3268
18588
3412
19157
19373
3525
2546
19017
2821
19144
18841
18463
19082
2643
2579
18660
18717
18464
2650
2451
3571
3176
19304
2476
2778
19018
2463
19289
18581
2435
18842
2496
18540
2479
18822
18450
3458
3213
2461
18867
3299
18960
2826
18525
2631
3575
18820
19213
18920
18794
3300
3363
2415
18909
2393
3229
3584
18999
2649
19102
3275
3468
18997
18579
2585
19050
2553
18648
2629
18687
2600
18426
18773
18653
18917
2692
19302
2653
2803
18663
18992
2700
18440
19132
18445
19098
18508
18621
18887
3447
18939
2537
18596
2782
19010
2641
2833
18467
3360
19189
18382
19124
18651
18584
3197
2775
19187
3437
2402
2663
2518
19355
19097
18972
3339
2822
18664
18614
2554
19150
2673
18730
3200
19156
3368
3492
2624
3485
19359
2774
3476
18882
2497
18900
3570
3238
18893
3402
19126
18766
19375
19301
3548
2714
2831
3561
18991
18393
19133
2736
3580
2828
18607
19270
3173
2773
3446
19158
19104
3329
19209
19334
18690
18580
2603
18527
3292
18686
3186
18713
18610
2785
19227
18704
18462
19013
18983
18989
18850
19099
18635
18562
2528
2804
18509
2459
2464
3309
2668
18795
18585
19163
2417
18923
3254
3455
18927
18865
2706
19151
3321
19250
18498
2588
19351
2743
18818
2661
2529
3537
3312
18481
18859
19389
3560
18650
2595
18838
2548
18863
2428
18452
19216
19244
19054
19074
18973
18942
2506
18696
2457
3366
19251
18941
3456
18871
18919
2488
18831
3538
19159
19085
3598
3503
3179
3409
2413
19198
2399
2512
2798
18595
19185
18379
19193
19369
18910
2681
18414
18365
18828
19048
19344
18947
2590
18677
2791
3380
2699
18381
18421
18864
18555
19388
2452
18409
3585
18754
2618
18566
18522
2834
18803
2622
3175
2574
18475
3552
3172
19000
3564
3323
2602
2429
2430
3574
18471
18520
18483
18634
18934
19100
3353
3517
3359
2648
18523
18759
2727
18720
18533
2480
18647
18879
18996
19259
18397
18723
3237
18642
2596
3361
3417
19176
2632
2691
2444
18529
18732
18506
3225
18746
3432
3576
2764
19317
2703
2510
19002
18398
18655
19253
18970
18969
2739
2710
18949
2626
3240
2768
2741
18980
2484
2446
19326
3486
2759
2481
18747
2601
18776
3482
2433
18775
19236
19172
19376
3544
3562
18510
3371
19261
18385
3349
18774
19258
2838
18637
3249
3185
3171
18563
18376
19117
19165
2796
19206
3563
3266
3315
19180
19023
2419
18387
2570
18578
18858
19349
18490
18782
18853
18685
2737
18749
18672
19312
2559
2657
18836
18516
3383
2630
3472
18482
2787
18673
3273
2502
3198
2436
18796
19211
2462
2666
3307
18875
18407
19020
3271
19294
3283
2665
2635
18403
3511
3531
19217
18678
19352
18408
19063
18817
18764
3259
18807
2752
19340
18721
18925
3394
19243
19298
19081
18571
19229
19122
2611
3365
19068
19183
3288
19177
18479
2634
19060
19264
2719
2742
18984
2732
18848
19324
18728
3336
2805
18560
18994
19271
19129
18539
18496
2458
18855
2811
3302
19096
19075
18619
18990
2409
19094
2823
18762
2647
19181
18598
2605
2728
3473
19292
3487
3313
2425
18722
2427
19383
2788
18419
3328
2659
18413
18646
19071
19313
18745
18998
18542
19282
3460
18612
19056
19366
19310
18737
3540
18922
2819
18630
18916
2694
19231
19285
19234
18548
2441
18702
3267
18943
19118
18438
2438
18874
18963
19363
3398
3241
18951
2751
18786
3189
2812
3546
18665
2797
18758
18491
3526
3504
3356
18978
18511
18666
3294
2615
18380
19393
2814
19127
3404
2625
19218
2744
19332
18950
19120
18521
18701
2628
3182
18456
3418
19011
19148
19170
3501
2521
18869
18912
18460
18680
18785
18561
3219
19111
18938
18459
2640
18552
18644
18962
2835
18465
18945
18513
19212
19208
18974
18615
3565
2569
2587
3528
2687
2580
2651
19308
3372
3461
3191
19028
18751
3190
18432
18964
3439
3381
19391
19394
19273
19040
19293
19382
618
22702
795
22842
467
1046
559
609
31387
31490
22947
23051
22888
663
22843
916
31711
31616
31493
1179
921
22962
902
31977
1181
31677
31868
1002
937
31707
1189
23220
23253
971
31402
23099
1108
31548
31686
22756
23301
733
31425
700
603
31626
409
1093
22949
967
32051
1010
662
581
23314
594
31360
31971
31429
985
570
1018
32063
417
22988
31585
31639
31601
23263
31397
22720
511
23059
924
813
22910
31802
560
31514
23238
830
484
22958
713
1039
31451
1022
23174
1178
31570
31365
461
933
597
23076
31483
910
455
23294
31389
1142
23200
22983
22678
22847
1053
22971
31919
23138
458
23337
580
23084
1073
31704
23248
22724
31339
456
31795
31567
806
22748
23338
23205
32064
31538
31946
1034
23101
23293
31526
743
1206
1017
432
31553
31399
22687
22860
22854
748
1187
1078
22699
22723
497
31979
23167
1160
1154
476
31892
31580
23094
23279
1182
22785
644
990
22889
22861
23000
31675
31709
1157
31935
1012
31764
23195
23019
23162
22820
23013
791
31340
23325
1049
31761
441
31624
31835
32073
22759
960
773
640
31410
1015
973
440
840
847
1077
22765
943
23043
32013
1008
771
32029
684
31671
31465
31329
22901
890
405
626
23136
854
23183
23315
31846
31659
23308
672
32061
31768
22781
22965
1051
22713
22698
31579
22834
857
22992
835
851
867
23333
22937
769
1043
23083
614
31315
23349
31551
23068
1149
22715
736
494
31848
22823
31480
31928
31327
31696
32043
31746
23281
1166
22736
32033
31633
1095
1102
31569
31758
653
661
31588
31430
22731
1075
22874
31306
1116
23320
23012
31362
31508
31314
23098
31535
23327
1129
23112
31444
23296
31426
31527
31838
543
821
31772
1162
23267
693
1024
31821
23042
31860
659
22816
31861
31499
490
31434
729
31742
763
31716
31975
31647
897
31959
23323
915
31366
31836
31342
22984
926
31468
23046
953
32050
31556
23206
23142
22857
770
31701
31777
1188
23334
1054
1111
32021
482
23210
23342
831
31455
31326
899
23331
658
31751
31895
31561
31881
23321
31608
22882
964
23286
1177
970
434
32038
23190
523
1081
22974
620
901
31891
31345
31627
715
787
802
1127
22849
790
31594
922
31565
23015
23115
808
31536
31817
22835
31491
853
22783
22940
604
423
31605
31622
31972
31903
31396
31446
975
436
627
572
925
23240
31542
23055
491
1183
1139
522
22850
861
31379
696
22873
22815
31630
408
23227
666
23328
23336
22932
1086
903
22846
22714
23088
1137
32053
31403
905
31888
648
758
31727
874
31729
32022
889
22896
1055
23262
31815
31666
22964
23063
749
31907
31653
1140
656
31644
31809
1025
22787
32028
31328
31460
856
23107
23243
885
764
22955
31422
31661
22740
23191
798
22811
22868
23082
665
31932
23153
22894
31391
31361
983
22942
565
22764
22909
1153
22810
23266
462
23291
23295
797
737
936
1019
22752
551
31475
1170
602
1060
997
31762
475
22866
834
31812
22821
893
23310
485
516
23161
31357
31618
826
439
616
32066
22718
23277
31990
563
1038
22985
977
22722
428
23214
23141
31337
31798
22855
974
22786
22745
23339
32001
635
22981
1100
31827
589
32049
31831
22863
31717
930
1110
31925
31936
531
479
23152
421
596
914
31797
599
942
31794
22691
529
32025
668
31955
31658
31472
670
473
636
1062
31420
774
23102
22879
31870
31775
638
639
31352
1058
23017
22709
862
1042
1033
31800
31755
911
23299
31531
22946
879
544
32055
32017
22993
31993
823
31713
31554
591
23001
22880
966
595
23172
31828
22897
22762
913
31681
782
22716
31856
692
22898
32075
891
32023
23004
23265
489
31694
31589
31351
31368
23108
22830
31669
673
31926
535
701
412
22951
558
586
23130
31354
23218
1125
31363
22990
31921
643
22921
31550
31883
31989
32040
23104
1040
676
31929
31433
22975
747
31510
22968
22871
424
1104
31878
837
31920
31720
22707
880
22884
23235
23303
31650
31765
935
31807
23041
495
31470
471
585
31604
1172
23074
31912
22828
22977
22844
858
31753
1037
22796
669
1130
22705
477
31540
31575
1191
23287
1201
944
31523
31747
777
31577
31301
23091
31652
31413
443
621
31803
31562
31749
22900
31779
1163
31952
1031
31944
22877
31968
23211
23273
1004
23053
31734
900
23179
31948
820
483
31645
978
22963
714
23322
566
873
31359
31513
1207
31954
22665
23180
31997
22717
1013
23232
955
23268
22751
593
22818
759
23133
31905
31843
527
31596
488
31721
22774
31606
1011
31988
1195
988
865
833
31445
31441
22908
32048
31732
31545
23234
31583
538
751
31505
1097
23114
22887
31745
950
22803
31728
629
753
1044
23165
534
22735
31924
1106
23075
31466
23155
31726
1026
23026
946
22793
31347
464
792
22808
1085
31571
496
31743
23034
31488
31725
31689
23204
23215
23160
23289
31456
31801
22801
31754
31625
23251
1064
31665
23317
1132
23212
31592
23166
31909
23257
31810
22930
807
530
22852
22948
31987
23039
1136
1091
22902
23037
22737
31423
542
22950
972
948
22747
31607
23245
702
23270
533
31515
498
907
31407
781
741
22688
22881
31494
1168
738
23157
31311
22703
22911
31931
413
23117
31760
31789
22856
982
23177
31867
682
444
22769
22738
472
22872
31307
1036
22817
31733
31736
31872
579
836
1165
468
23345
31823
31857
657
882
31859
510
23120
32027
31479
31563
31852
23202
23288
31619
31840
22957
31302
31819
932
22838
824
31427
23031
22819
1120
23175
31999
976
651
721
23132
22982
694
31886
32005
31615
23044
1041
631
1134
23061
23005
22730
31748
825
31299
23203
32041
512
23027
22775
31593
31517
499
22706
31667
31325
1164
980
31304
1047
466
23139
23169
22701
556
655
31539
31336
1148
634
1021
31917
31853
31497
1113
1143
31635
31574
31676
32031
22798
1071
686
632
23329
23319
23340
31600
31885
1152
1032
23025
31656
31674
647
31984
31893
587
23118
31965
708
22758
31317
507
23033
794
22891
23168
31897
778
22772
32035
23110
32072
31688
691
31463
31865
23307
23080
32067
22960
31373
31320
23154
22825
1074
31388
31682
31377
756
23010
22865
23047
677
22784
31417
1079
31643
22943
31982
1194
1122
31498
31638
31998
31887
23150
31791
711
31641
23049
22998
454
502
32059
22790
31322
410
1175
31737
1138
22885
22999
761
877
31964
577
31806
31687
23156
23297
23249
31390
23111
1076
32057
23129
706
31383
22804
31829
727
23275
23093
22864
31786
848
31648
1090
23073
32011
649
31409
31818
22991
22886
697
23233
1141
31985
607
22721
1199
994
22777
927
31915
513
22780
23341
23029
1167
31708
717
554
22743
31372
32018
22851
568
31507
31939
32058
23030
1161
22814
23271
23170
1006
22917
31401
22953
415
819
31937
31941
1126
22973
29548
30200
30008
9940
29691
30079
10046
10131
9980
29647
29580
29913
29983
29550
29675
29725
29614
10331
29919
30053
9898
9903
9992
9920
9829
29779
10369
29693
10054
30094
9952
29606
29811
10018
29586
10050
30021
10222
9927
10192
10213
9799
29979
10145
29641
29857
30138
9967
9796
30058
10151
29758
29559
29910
30218
30132
9793
29564
29764
10266
30034
30165
9896
9888
30101
29882
9963
30038
10354
10087
29871
29613
10027
29590
29566
29648
29783
10048
29735
10045
30187
29938
9962
29959
9985
29701
29966
29724
29885
29602
29611
29792
10163
30068
30016
10186
30143
29626
10068
10077
30009
29587
29656
10219
9942
9803
9846
10197
30227
29803
10179
9979
10221
29707
10041
30001
29925
29821
30103
30082
10003
30051
29711
10229
9859
30156
9879
9939
10106
30135
30105
10033
30046
29746
29588
9973
30149
30033
10122
29541
10096
9784
29797
9904
29529
10007
9872
29787
9988
10247
10128
10372
9987
29776
10228
29572
29788
29916
29965
10124
29715
10223
10375
9958
30228
10141
29771
10089
10129
30169
10159
10224
30091
29954
30112
29888
9954
9984
29742
10315
29841
9801
29738
9908
10193
29528
10016
30157
9858
10090
30166
9882
9976
29751
10071
29582
30213
10005
30139
10078
29717
29770
10181
10330
29823
30136
29878
10295
29698
30140
29756
10176
30106
29894
29749
29996
10064
30037
29907
10104
29975
30110
30085
29945
9961
10140
9869
10100
10209
10349
30177
10047
29998
29671
29761
9974
9806
10169
29967
9890
29551
29876
29705
29978
10240
10271
30012
10153
29660
9917
30220
29542
29898
10134
30066
10161
10091
9947
29815
10162
9787
10269
10044
29710
30206
10058
30120
29817
29961
29730
9914
30000
30095
30023
29743
10373
29690
10105
9850
30090
9897
29984
29709
29844
30025
30126
30164
10199
9843
29908
9881
9886
29956
30065
30127
10004
9791
29912
9870
29892
30194
29684
9868
9915
9950
30014
30115
10352
10088
10265
9854
30124
29644
10276
9817
29731
9925
10278
29992
10152
29902
10291
10310
30061
10203
29608
29852
29884
29557
30011
29931
10210
10001
29789
29846
10294
29762
29928
29795
10095
30193
29947
10299
30234
30117
10009
29734
29942
29809
29579
29924
29997
30155
10267
10076
29801
10230
29640
10063
29653
29713
29895
30113
9808
10264
29851
29531
9906
10198
29718
29686
30114
29618
30042
10244
10112
10025
9989
29936
30076
10308
30030
29818
10132
29833
29973
30123
10082
29859
29728
10195
29726
29739
29696
29651
29658
29571
29891
10297
29687
10218
29981
9821
30175
9965
29575
10002
9946
29601
29904
29638
9816
9861
10061
10251
30070
29840
10309
9929
10072
9842
29736
10150
10103
30055
29869
10147
10335
10149
30084
30063
9960
29989
29941
9900
30235
10191
29889
9789
29914
10173
10236
10249
30199
9848
29674
9956
29745
29897
29621
10166
30174
9844
10287
29700
29838
30050
30086
10346
10248
10292
30188
29636
10360
9912
9820
30039
30036
10148
29785
29646
9957
29716
9839
29940
29921
30102
29856
29980
10022
10189
29960
29672
10268
29577
10039
29985
30196
29962
9951
10142
29752
9880
30171
29597
29890
30185
29615
29829
29591
9926
10201
30167
10206
29719
10321
9863
10024
10202
29853
29946
29903
9837
30202
29943
29900
30043
29609
29822
29806
29610
29652
29881
29995
10127
30223
9800
29552
9998
30049
29964
9982
30100
9938
30172
29678
30153
29944
9797
29917
30020
10175
10114
29563
9788
30198
9807
9945
29704
10139
29922
9891
9933
30075
9798
10062
29765
10130
10060
29957
10171
29600
29695
29929
10363
30211
29763
29533
9783
29858
10254
10348
29987
29870
29747
29793
9937
29950
10326
29605
30071
30098
10040
9871
9936
9853
29619
10312
10075
30150
10107
29655
29663
10281
10285
29834
10296
29620
10286
29767
10289
30210
29527
30131
9918
10034
10182
10320
10200
30073
29755
10258
29666
29927
29868
9977
29702
30141
29599
29537
29631
10137
29971
10065
29744
30179
10021
29918
9810
29596
29958
29729
29990
10081
29683
29842
30031
30134
9877
9916
29887
10338
29974
9911
29753
9966
10234
30059
30109
10259
9860
10347
10284
15733
10746
16838
13922
6192
10749
6231
13822
10639
15551
16642
10651
6343
6113
6234
15559
16719
16761
10439
13692
10468
14104
15568
16666
16711
6173
15553
13663
15629
13688
16854
16764
13895
16827
15526
15721
16749
6125
6106
10716
10424
15778
6271
13981
10433
6165
16751
15550
13866
13703
6159
10602
10637
16794
6174
16752
14160
13911
16870
6164
15601
16783
6314
13871
16809
13779
16712
6267
14147
6338
10710
15779
16586
10516
6237
15764
6254
15595
13997
15538
6225
13957
6245
6098
10549
6166
16639
13876
13751
16900
13860
13827
16806
16734
10727
15739
16861
13653
15552
13804
13746
6183
10627
10724
10416
16882
15636
6085
10575
10740
10672
14028
13850
13915
16649
16584
6072
16616
16812
14132
14025
16731
15777
16891
10428
16904
16769
10588
14142
16893
15790
15781
6133
10586
6252
16662
16619
10738
10458
13795
16805
15670
15632
13732
14059
10497
10659
10709
16850
13899
6087
15562
10418
15700
15614
15618
16614
13771
15652
16772
13686
16789
15524
16672
6178
10432
10507
16883
6223
10393
14107
6169
13671
10486
14079
10533
16746
13799
13700
16744
10598
10512
10471
16758
6145
13925
16874
13730
14054
6193
15768
16785
14151
10519
6184
10532
16604
13817
16777
6331
13744
6353
16720
10514
13974
13766
13813
15611
16759
13966
6302
16612
13838
15617
10400
10660
14046
15531
13900
6304
14000
16658
15615
14109
6328
10558
15669
14115
15695
13788
6219
16647
13811
16825
10475
16889
14057
10460
16623
14134
6291
15613
16775
16656
13735
14017
6213
6247
16609
16663
6081
16653
13665
13669
6251
6138
10596
13918
13731
16603
13934
10665
16670
16797
13673
6152
10648
6119
15753
16730
13693
10522
16591
16859
13869
15692
13960
16671
10573
6189
10678
15576
10739
15631
10560
14106
13993
14019
16847
10429
15736
10632
15678
16845
15660
15686
10489
15643
15556
16648
14030
15729
6229
10477
6227
10715
15545
6285
14139
15742
13740
10635
15537
10619
10732
16724
10626
16680
13987
16702
16706
16692
16673
13999
16583
13846
14144
10662
14048
15726
10496
6201
10506
14136
13835
6128
10581
10550
10526
10636
13815
10395
13801
6185
16791
6111
16879
13778
13759
15668
15590
13975
13716
13711
16626
16654
13977
16688
10480
13720
15647
15579
15583
13802
14126
6203
15569
15701
6127
13883
14050
13691
10459
6312
10591
13996
10670
13978
15593
10403
13652
6215
13905
13754
16627
15530
13989
10700
16771
13856
16835
6323
14045
16590
16782
6191
6250
16631
6292
6307
10505
10520
14086
15548
14125
13943
16618
15743
13979
16668
10685
13670
15752
6171
14154
15567
16878
10538
16709
10706
15580
6170
6110
16776
14043
10630
13971
10555
10658
13704
14082
15740
14047
16887
15730
15671
10584
16784
6182
10613
6293
16713
10737
6275
6295
10408
6078
16747
10656
10646
10559
6228
15539
16848
13816
16822
13995
10453
14099
6327
16593
13894
13949
6086
10720
16696
15624
13956
16852
16687
14161
16697
15667
13906
10722
16630
14157
15745
16781
14131
13994
6308
10539
16829
6339
10422
16589
10377
10689
14033
16885
13658
10553
6330
10735
10649
14067
6156
13680
10518
13707
6129
16736
16826
6354
13753
15679
10436
10396
10452
13699
14076
13935
6337
6097
10593
6274
15543
15608
6240
15573
14097
10681
13752
10399
14029
6093
10708
13685
15783
6155
6270
6161
6351
13656
10420
15653
13983
16834
13879
15554
10484
16901
14074
10483
16690
10633
13728
15563
10501
15758
10406
13963
13657
15727
13761
15755
15566
6109
16740
6207
16638
13791
10493
13709
15638
15672
16643
13878
13806
16660
6108
10622
15709
10606
6147
14141
6258
14041
13814
6300
16818
16685
15757
10604
6100
15717
13951
13926
6303
6222
6319
6118
16727
15546
6196
6317
14152
6236
15751
16728
6326
10580
10543
6318
15785
6077
16760
10542
10571
10401
10463
10528
13683
16608
14070
6154
13909
13786
6336
10444
14140
6301
10568
6335
6135
16601
14091
13719
6107
6324
16652
13695
13672
6116
16873
6208
13865
10711
13758
15718
10730
16707
15680
14044
14158
6168
14092
15620
10515
13986
15581
13845
15685
6305
15650
13805
6299
10634
6103
16853
16644
6206
15549
16739
13923
13948
15673
13921
13747
13913
10503
10676
10623
10713
16624
15759
6260
15623
15682
10389
13919
14089
16674
10427
15591
13992
10407
6263
16846
13780
13662
14073
13837
16807
10661
10411
14095
10476
10693
14083
13718
10641
16881
10397
6076
13907
15585
13836
10551
15789
10726
13769
15594
16600
10472
13832
15776
13964
14027
14094
14066
15584
6180
16821
10499
13694
15688
10585
16704
14138
13659
15547
6333
6264
10615
14117
14062
15666
14150
16585
16587
16722
16733
16755
6235
15534
10729
10442
6279
13931
10529
10456
10479
6262
15630
15664
16705
16732
13765
10698
6233
13903
10628
6112
6313
16640
10414
10534
10579
10461
16762
14118
6181
13767
6123
16884
13664
15634
16699
15635
13757
13743
10387
13940
13842
6134
10447
16903
10748
14034
15570
10431
16698
10537
16621
16779
13881
14002
15716
10690
15703
13717
15626
13924
10391
15786
16635
10524
10655
10696
16694
6130
16629
13675
6253
13939
13851
6121
13898
6079
10426
10652
16661
13733
13793
14101
16757
16836
15747
16768
13958
6146
6090
16613
6255
10600
10625
13775
16634
13741
16766
13770
6290
13873
6268
16864
16828
10721
13829
14031
6194
16625
15649
6070
10495
10590
16710
15690
6197
16780
14005
13863
15711
6179
6282
13698
10449
16851
13862
16815
14055
6143
6099
6218
10443
10592
16799
14075
10381
16902
14063
15654
13880
6332
16817
15658
15728
18220
23641
4880
17990
23534
23551
4854
4918
23380
23464
18224
4662
18324
4963
23713
17982
23587
23523
23475
23451
4820
4848
23392
4794
4599
18262
18263
23370
4939
4766
4717
23728
23437
4754
18074
4823
4898
4812
23365
4832
18308
23447
18257
23502
23576
4561
23655
4833
23707
18216
18090
18084
23733
23385
4571
4792
4719
23567
4506
4450
4661
18160
23427
4907
4960
17890
4473
18242
18344
17969
4790
23402
18018
18140
4875
18106
17991
23649
4699
18154
4851
4597
4456
4925
23384
23600
23501
4924
23535
17946
4509
18049
18157
23361
18248
4762
23429
4534
18050
18019
4877
4466
4594
18014
23662
23419
4808
4796
4891
23536
18237
4531
4839
17971
23428
23714
4938
23515
18001
18247
18294
23533
17980
4932
4781
4628
18291
23376
23725
18353
23514
18350
4701
4521
18137
18219
23555
18047
18031
4889
17955
4758
4883
4541
23559
18156
18319
4584
4690
23681
4838
18114
18076
4562
4726
23439
17928
4684
23613
23526
23407
23431
4638
4768
4568
4538
23686
4543
4873
4711
18172
18079
4909
18008
4946
18207
23548
23377
4533
4519
23579
23544
18148
18305
17905
4900
4888
18218
4862
4440
4441
4835
23423
4975
4910
23663
4800
18317
4464
4633
4791
18095
23724
17957
18236
23374
17925
18030
23540
18149
18300
4947
23525
4782
18003
18278
18127
4664
18356
23594
4558
4470
4491
18327
4887
4738
4616
4724
17904
23556
18191
4865
17975
4896
18194
17988
18165
23708
4787
17942
17963
23552
18214
4964
23414
18121
4545
4793
4715
4746
23529
23550
18048
4730
18094
18271
18087
23586
23672
23558
4555
18123
4604
4906
18063
4707
4966
23500
17965
18135
4814
4556
18138
23638
23718
18007
23511
18301
18058
23568
4635
23391
23596
4670
17979
18146
18240
4780
17994
23504
18277
4488
18250
4815
23390
23571
23353
4673
18181
4734
4863
18325
23711
4621
17970
18279
18119
4474
18164
4955
23709
23674
4885
23618
23386
18203
18134
23670
23470
4756
23420
4601
4921
18239
23521
18198
23367
4798
4459
23690
23425
23488
23522
4529
23654
23483
18141
18326
18345
4931
17892
4827
23369
18036
4913
18071
4736
4659
23466
23645
4708
4589
23633
4850
23434
17962
4855
18289
23591
4590
4546
23453
23693
18171
4783
17992
23378
23564
4697
18145
4923
18217
4740
4905
23729
23658
23602
18208
18024
4749
23565
18297
18107
23432
23440
23410
18204
18083
18116
23572
4951
23479
23530
23702
4868
23563
4846
17995
4956
23606
4845
4714
4598
23393
4518
17910
23366
18320
23598
23688
18229
17930
4872
4874
18104
18169
4743
4461
23484
23617
4522
23413
17894
18293
4930
4619
23626
4686
18335
17998
4492
17940
4961
18287
4954
23566
4570
4809
17972
23678
23520
4472
4455
17900
18075
4685
23604
17901
23474
4668
4499
23465
23603
23368
23705
18139
4620
17898
4585
4929
18273
4537
18085
23524
4695
18056
17993
17953
23490
18302
4704
4458
18103
18261
23701
23448
18155
18170
23560
18078
18067
18283
18066
4801
4970
18359
18016
23664
23416
4700
4552
17914
23680
18147
4550
4915
4967
4639
18017
4564
4547
18212
4449
18092
4773
18109
17896
23651
4637
4957
4841
4611
4539
17966
18331
23580
4761
23652
4849
4485
18288
18187
4847
4467
18144
4675
17932
23609
17951
4477
18192
4705
4517
18322
18004
23387
17954
17887
4503
23441
4625
23553
4457
4702
4725
4744
23481
17943
17950
4446
4574
23615
23496
23699
23723
4901
23574
4566
4573
18259
23411
4602
4512
18265
18174
18133
4810
18091
18318
23542
4692
18304
23677
18206
4494
23362
23450
4904
23650
23569
4836
4445
4935
4821
4614
4586
18159
17983
4958
18046
23457
18011
18152
4560
4712
17944
18179
17917
23358
4646
23616
23583
4969
4775
4722
23656
23359
17918
4953
23446
4825
4526
4755
23695
18131
23668
4716
23355
23719
23442
4741
4858
18285
23679
4567
4844
18005
23492
4475
23395
17911
18209
23480
4535
4622
18334
18161
4853
18032
23665
18130
17939
23497
4626
4565
4595
23472
18132
23494
4495
4554
23541
18225
17997
4729
17931
18038
23653
4486
4779
4593
23657
18228
18183
17937
18349
4679
23360
23397
17977
4576
23635
17921
18243
23517
4770
18255
4920
4843
18069
18086
18064
4540
18000
23443
4706
4824
18245
4713
17926
4710
17909
18361
4902
4860
4831
23660
18128
4971
4857
18089
34219
7155
7018
7367
21789
7554
28362
7501
21778
7039
7190
7192
28209
34559
7481
21966
7491
7261
7555
21965
28563
21721
28122
21758
28407
7418
21725
7293
28485
28198
34259
7594
7456
21937
34437
7209
28338
21906
34207
7476
7276
34306
28335
21806
28301
28524
7275
34501
28069
28427
7260
28038
28453
28588
28535
21747
7068
7533
7605
28560
34427
28177
21792
28091
7158
7313
21930
7070
28289
34450
7503
7529
7541
7156
7245
7344
7236
34261
34516
7310
7520
21857
7321
28356
7600
28511
28279
7184
7262
28141
7109
28425
34152
7079
7502
34294
7237
21993
7324
28295
28100
7431
7306
21987
28398
34436
34346
7576
28062
7355
7093
7417
28136
21729
22002
21996
21914
7340
7219
34341
28460
28574
7506
7651
7041
7591
34398
28555
28080
7029
21947
21919
7702
7373
28545
7273
28370
7635
34553
34236
21983
28327
28237
28259
28192
7677
21949
21709
34195
34394
28158
7086
21991
21868
7670
28308
7113
7366
7294
7384
21941
7309
21920
34380
7295
34344
28443
7390
28436
34232
7451
7099
28134
21810
21873
21890
7249
28159
7069
34483
7088
7699
7693
21956
28528
34304
7289
21736
28321
34181
21879
7703
7588
7333
7204
28527
34145
7658
34324
34477
28363
7153
7073
28309
7577
28491
21827
28547
21938
21753
7320
21771
34460
34407
28387
28316
7419
28379
21872
28257
34492
28569
28130
7047
28278
28473
21874
34505
7072
21777
7374
7532
28543
28183
34431
34560
28599
21940
7179
21732
21770
7626
7220
7152
7106
28355
21854
7128
7660
34443
7037
28464
7187
34316
21803
28194
7130
34249
21710
28052
28156
28068
7263
7337
7442
28063
21904
34522
28505
21818
34234
28476
28065
28306
28057
7064
28455
7159
7258
7537
7513
28211
7125
7575
28171
28167
34282
28291
34213
34433
7470
34192
28488
7094
34456
34319
7356
28376
34387
34496
28361
7521
28526
7649
21974
28433
7540
28405
21728
7241
34544
7687
28045
34233
7443
7296
21734
28449
7174
28078
34396
7129
21929
7604
7631
28097
22015
21995
34244
7689
28598
28385
34252
34357
7590
28168
28035
28282
21902
34172
7493
7583
21871
34300
28368
34227
21834
28200
34470
28227
28440
34426
7334
28153
7098
28564
22016
7585
7527
34177
28231
28285
34404
34185
28163
7030
34330
34337
34201
28437
7436
28224
28584
34365
28510
34298
7614
28576
34321
7119
21782
34415
28482
7252
21733
34392
21775
21887
21925
7681
28350
34325
7042
28468
28590
7445
34495
28229
34322
7402
7067
28280
28329
28359
34248
28413
28475
34361
21717
7332
7437
28369
21976
34511
7193
34257
21989
34444
7095
28514
7665
28461
7428
7124
7448
34165
28188
28470
28404
28352
7468
21888
7368
28366
28341
7280
7180
28353
28088
28230
28292
34554
34428
28424
7461
34464
28571
28457
21957
34468
28451
7221
34250
34375
34296
7066
34418
34176
28492
7414
34475
28255
34561
28165
28072
34313
7285
7197
28345
7359
21718
7305
7509
28307
28500
28214
21809
28144
28541
7395
7394
34205
7560
7396
28220
34508
28339
28478
7551
28272
28382
34200
7621
7212
21784
7602
7118
28239
7464
28416
34210
7163
34243
28489
7606
7705
28579
7674
21772
28189
7412
28105
28238
21773
7425
34403
7338
28389
7049
21828
7642
28076
7026
34399
28330
34158
34487
34183
7242
21830
34371
7127
34486
7565
28562
7596
34215
34525
7114
7401
21961
7478
22017
7317
21962
28140
7290
28383
34537
28235
21978
28036
7010
28251
7411
21744
7663
34388
7620
21916
7028
34401
34264
21808
7508
21931
28086
34225
34173
28154
28364
21851
7650
7475
7120
28375
21757
7597
7397
21946
21815
28128
7036
28092
21754
28253
28107
21825
7646
7505
7444
28109
7471
7691
28046
7680
7286
7183
34550
7545
34485
34446
28114
7071
34517
21811
28420
7207
28572
7171
7441
7430
21934
7376
34383
28044
34167
28438
7303
7375
7612
7637
7149
28372
7224
28221
21716
28178
7613
34359
28509
7341
21751
28600
28323
7617
7243
7076
7044
7257
28304
28049
7357
7264
34228
34429
21979
28409
7435
21945
7452
28463
7469
7287
7346
28201
7547
21812
28207
7354
28103
28471
7166
7269
28384
21954
28391
21763
7607
21804
34546
28558
7291
7686
34260
34530
28333
21971
7027
7342
28286
28175
7032
28332
34400
28067
7216
34382
28419
7477
34305
28519
21738
34563
28160
34204
21785
7288
28360
34291
21932
7524
34430
34476
34174
21793
28099
34271
28155
7558
7139
7360
28406
7386
28312
21970
21720
7567
21796
28551
21838
34566
7609
34424
21992
34528
34272
34317
34187
7488
34395
28484
28145
7593
7201
21823
34320
7330
34506
7632
7538
7060
28179
28557
21927
21926
34421
21900
7700
7440
7352
7507
34389
21999
28450
7625
28567
28552
7504
28447
21913
7608
28215
28186
34484
28565
7573
34214
28093
28245
7420
7434
7136
7556
7084
34323
21905
28538
7636
28152
7054
21889
7566
7222
34240
21942
7208
7078
28266
28556
34377
28386
34489
7062
7694
28113
7052
28051
34385
28182
28408
21795
7552
28077
34189
7498
7168
7151
21867
21948
7675
7557
7248
28521
21787
7081
7019
7005
34360
34274
28305
34402
34150
7553
22013
28089
21794
21833
7231
28458
28135
7564
7007
28120
28106
28146
34292
7011
7372
7485
21881
21875
7126
28264
7023
34166
28570
34169
7682
34352
7569
28348
28095
7424
7199
34297
7055
28454
7563
7490
28298
21908
34555
7326
34334
7229
28170
28071
21893
34482
28415
28096
34331
28344
7080
34162
34154
34190
21843
21852
21745
34231
28504
7378
28203
28082
21892
7210
7200
28149
21990
28378
34376
28431
28070
7123
28223
28418
7255
7492
28430
34502
28137
22006
21767
7250
7479
21741
34474
34247
28343
28410
28467
28371
28047
28132
34308
34203
34161
28288
34531
7579
28217
7641
7393
34221
7203
7487
7302
28041
7627
28465
34461
7403
28274
28544
21740
7465
7601
7463
28276
7484
21737
34416
7514
7304
21797
21713
28324
34186
21997
34151
7662
28147
21897
28225
7008
21984
34336
28202
21842
21998
34543
7040
28127
28393
28592
7096
34355
7407
28486
21885
34472
7348
21746
21814
28403
7214
28053
28388
34368
28210
7206
21894
28566
28495
28397
34467
28462
34340
21973
28508
7104
7115
7281
7175
28357
21901
7227
34423
7667
21860
34311
24483
24160
22246
23842
24322
22550
24036
23918
24553
24020
22661
23889
22050
24254
24217
24422
23804
24226
22231
24057
23876
24563
24460
23961
23883
24512
23907
22273
23789
22073
24319
22363
24404
24469
22367
24251
24445
22197
24306
24063
22072
22097
22401
23917
22511
22420
24138
22193
24283
23802
22650
24359
22522
24579
24606
22578
22496
22358
22413
24491
22298
23801
23951
22219
24314
22030
24500
24597
24289
23945
23800
22419
23779
24112
24536
22020
22570
22635
22091
23843
24173
22270
22059
24454
22285
22494
24429
24200
24502
23897
22559
24360
22487
23794
22527
23906
24386
22656
24122
24548
22462
22417
24085
22293
22226
22056
23769
22316
24616
24339
22361
22383
22456
22200
24608
22510
24046
24268
22228
22611
24267
24600
24421
24060
24113
23863
24100
23812
24144
24439
24531
24117
24345
22497
22392
22565
24540
23874
23777
23799
23820
22514
22151
22150
24027
22377
23827
22121
22547
22287
24012
24450
22238
24111
24373
24432
24452
22060
22350
23755
22366
24050
24245
22437
24154
22065
23786
22078
24507
23783
24364
24503
24516
22563
22349
24086
22289
23926
22222
24141
22153
24091
23884
23742
22274
24300
23744
24324
24529
22094
24222
24317
24486
24308
24330
24281
22445
24176
24121
24142
22645
22503
22112
24032
24304
22221
24358
24561
24252
23865
22271
24419
24277
22542
24125
23771
24555
22471
22464
22272
22024
22022
24088
24070
24323
24231
23872
23760
23958
22326
23811
23941
24464
22646
22535
23792
24581
24064
24353
22235
23997
22603
22184
24394
22651
22096
24565
23740
22660
24489
24041
24129
22160
24119
24576
23773
23901
23931
24302
24334
24166
24357
24518
22567
24140
22315
23972
22310
22352
24470
24067
23857
22634
23948
24284
24595
22478
24250
24013
24461
22530
22033
22636
22555
22637
22473
22233
24094
23825
22170
24487
22449
24206
24137
24003
22583
22262
23850
23913
24327
23995
24596
24187
23952
22187
24202
22122
23984
22592
24280
22250
22166
24294
22604
22205
22290
22040
22594
23846
22207
24098
24194
23921
23946
23763
22133
22391
22343
22369
22236
24420
24554
24136
24456
24285
23909
23776
24123
24417
22021
24131
23989
22057
23757
22261
23940
24008
23919
24567
24615
22269
22321
24185
23772
22447
22617
23798
22163
24148
23894
22451
22098
24436
22393
22177
22539
24609
24387
22596
22189
23855
24592
24414
23914
23750
24340
23758
24509
22638
24625
22018
24391
22466
23934
24219
23759
24389
24499
24372
22303
23904
24191
22313
23766
22027
22179
22435
24238
22380
24382
22613
24263
24551
22069
23816
24264
22436
22384
24023
24018
22324
23977
24203
22623
22552
23929
22345
24342
24556
22599
22066
24099
24164
23898
24220
22452
22306
24143
22531
24593
24307
24040
24104
22331
24442
23817
22581
22557
24243
22113
24313
22648
22424
23785
24488
24544
22320
24180
24006
24568
22553
24618
23762
24011
22373
24411
24588
24270
22100
24374
22615
24407
22480
23764
23840
24279
24474
24069
23831
23903
22248
23887
23853
23752
24286
22039
23868
22128
22571
22154
24073
22662
22521
24087
22144
24030
22569
22159
22333
22434
24519
23753
24585
23809
24559
22127
22538
22630
22118
23822
24047
24126
22192
23927
24309
22652
22299
22311
24430
22386
22093
24570
24045
22204
22149
22642
24156
24228
24485
24216
22131
24398
24152
24571
24614
22403
22034
23782
24240
24179
23797
23867
23743
23992
24533
24367
24153
22492
22577
24537
23830
22357
22504
22433
22533
24527
23824
23973
24236
24190
24259
23933
22125
22396
24346
22658
24197
24558
24124
22387
23892
22104
22446
24506
24301
24260
22063
22465
24351
22211
22458
22214
22543
22544
22174
22654
24080
23870
22251
23845
24208
24092
22342
22053
23895
22276
23829
22080
23955
24159
24204
24051
22344
22101
24090
22618
24103
24116
22469
24347
24446
24482
24299
22573
22390
24278
22450
22217
22191
22368
22195
24572
22247
23938
24215
23930
24223
23836
24128
24604
23959
24416
24184
22036
22275
22243
22115
24366
24623
22201
24405
22339
22418
22388
23880
22282
24157
22484
23796
22398
24471
22663
22564
24052
23790
22493
22382
23966
24370
24381
24028
24467
22585
24019
24390
24335
24492
24169
22479
24273
22055
22371
24497
22546
24151
22304
24147
24410
22165
23841
23891
22173
24183
24039
24210
24406
23963
22045
23878
22566
24338
22206
24244
22194
24525
24135
22616
24225
24627
24316
24385
24096
24175
23818
24295
24082
22624
22301
24575
22260
22551
24438
22461
22438
24233
24443
24265
22286
22328
22213
22560
24241
24297
22132
24024
22245
22064
23983
24296
22482
23805
24369
22385
24084
24423
23902
24586
22142
23791
22593
23999
23832
22400
24549
22421
22309
24498
22318
24167
22643
23886
24539
24425
22183
24134
22244
24211
24178
22647
22256
22255
22481
22117
23915
22590
22223
24188
24610
22470
22362
22468
23746
22409
24515
22499
24564
24329
24403
34098
20387
20382
20365
33926
21209
20628
33910
20038
21542
21663
21567
20348
21404
21407
20637
33801
20286
21327
33820
19650
21596
20439
19885
21019
20090
20728
21638
19867
21365
33865
21329
20500
21187
33881
21248
20453
20255
33741
21156
19945
19763
20335
33949
20518
21425
20476
20324
33678
19956
19861
21672
20601
20438
20407
21303
21255
21088
34034
20159
19701
20311
21497
19794
20993
20732
20717
33818
20691
20162
34111
19965
21279
33964
20328
33971
20132
20723
21153
34050
20413
20994
21636
20468
21141
21406
21136
20522
19709
19656
20470
21555
19864
21537
20274
20656
21704
20241
21344
33885
20475
21316
20121
33805
20698
33745
33740
19691
20582
33709
20232
19738
20543
19991
20640
21052
20565
34049
33746
33907
20086
21517
19733
21277
20534
21371
21639
21340
21680
33950
20058
33943
21115
21452
20199
21403
20211
19724
21290
21250
20639
20557
20064
20627
19806
20607
20061
21645
21089
21481
20481
20604
33669
21193
19932
21502
33953
34042
20694
33641
20379
21573
21229
20282
19668
19811
20631
20734
33854
33877
21263
20420
33860
21692
34103
21495
33813
20012
20644
20521
34104
34054
19978
34129
33836
33708
21262
20278
21354
21516
20247
33884
20112
34097
19994
21116
33856
20451
21631
21626
34030
19986
19907
34114
21029
20350
20450
33761
19770
21624
19891
21412
20593
33646
20669
19836
19865
20515
21256
21561
19933
33751
20135
19694
20158
33930
20536
20079
21233
21583
21551
20153
21204
21370
33771
21468
21439
19732
20128
21649
21465
34001
33906
21629
21179
19807
33937
20511
19729
21225
21667
33902
34048
20143
20279
19712
20161
19781
21616
20374
33661
33826
20055
21336
21321
33750
21526
21384
21469
20045
21392
33861
19877
33847
20072
19739
19682
21104
33927
20263
21240
19676
21615
20337
19918
21254
34100
19696
34015
33882
20414
33802
21208
21323
19655
20558
20547
20571
21387
20130
20399
20048
20142
20275
20267
21509
20203
33886
33676
21126
21265
21310
19854
33982
21505
20452
21589
21217
21015
20575
34116
33991
20427
19689
21415
21008
20107
34025
21084
19914
20292
20585
33755
19727
21357
33691
21307
33723
21026
21014
20487
21071
19827
33728
20044
21697
20321
34130
21673
20422
20633
19779
20520
19653
20591
20060
20080
20469
20069
21300
34140
34013
33666
20056
19743
19772
20281
20574
20347
20715
19911
19659
20314
21623
20425
33764
33968
19954
21640
20067
33871
20651
21374
20373
19938
21343
20584
20116
19677
20085
33687
20059
20028
21605
33916
21449
19767
20126
21607
21183
34008
20701
20131
33958
19812
20280
20512
21175
20050
34065
20659
21114
20197
33721
20154
21540
21578
21566
20386
34073
33768
21142
21418
20180
21280
20068
20433
21600
21622
33859
20429
20634
19768
21381
21051
20484
21618
34000
20987
21450
20718
33875
33698
19913
21571
21030
21306
20526
19766
19873
33899
20514
20104
19675
19693
20590
33730
21131
20170
21257
20537
20300
21195
20002
20125
20562
33663
20705
33756
33830
20548
19797
33995
19698
19848
21302
33658
33702
20097
20095
21410
20984
21544
20191
20178
20009
20364
20689
21239
20194
33642
19960
21523
19728
21054
19666
21333
33825
19899
20254
19663
21482
21643
21610
19670
19963
21194
33975
33951
20996
21690
21416
33969
34059
19796
20021
20029
21598
21470
20725
19842
19858
20412
20576
34083
19769
33683
20341
20031
21125
33919
19970
33857
21062
19819
21334
21648
19654
21683
21339
21041
19673
20457
20293
19839
33753
21443
20240
21689
20674
33735
20384
21592
33784
33686
19995
21007
21628
20193
21267
21536
20535
34039
34089
33752
21458
20371
19651
21061
19686
33689
20269
33780
33803
20726
20465
19984
33692
20403
33955
21197
20200
33727
34021
21457
21595
19849
20098
33908
20567
20617
21053
33712
20137
20597
20517
20700
20087
33834
20081
21190
21621
34060
19844
20115
21486
19754
21611
20578
19692
20729
20495
20393
34120
20589
20326
34085
20463
20419
21681
21096
19989
19700
33987
33905
20491
19816
20650
20506
20033
33993
21171
21603
21312
33765
20446
21224
19703
21107
34093
20568
20309
34072
33804
20635
19996
19752
20519
20118
21168
20035
21148
19822
21508
34005
20587
33770
21040
21493
20077
21650
21593
21271
20110
21364
20136
19881
20676
19664
19897
21575
21520
21106
21489
33996
20599
34017
33814
33862
19943
21602
33673
33636
20546
21653
21137
20390
20622
20383
20610
21394
19972
20999
21047
21151
20217
33851
33800
20146
33715
20709
19952
20304
21335
20675
33843
19977
19852
20483
33639
19734
20431
19747
21331
21163
20213
34133
33668
20250
20262
21246
21223
19713
19736
21378
21086
20510
20345
21288
34026
33679
21243
20658
33670
33823
20448
20270
33779
20461
21042
33787
20223
20525
19900
20100
33782
19756
33960
21608
19680
19688
21500
21671
21091
21367
21529
19783
21308
21431
21285
33986
20216
21363
19791
21657
21056
21400
20667
34127
21678
21701
19828
21423
21700
19657
20083
21413
19880
21261
21158
33778
33739
19878
33863
33852
21382
20416
20997
21682
21454
34046
33841
21283
21159
34112
20222
20363
19829
21325
33657
19699
20990
19784
19820
20509
21557
33879
21098
20592
21461
33697
21205
20367
21559
20541
33934
21429
21430
33822
20455
20539
20198
21471
21048
20479
21322
21393
20708
21073
20047
20550
33948
21101
19833
20727
21274
21530
20357
21085
21036
21273
20696
21369
20564
21397
34058
21245
34051
21513
21386
19671
20632
33703
19975
20296
21031
20336
21235
20513
33634
20530
20312
20237
19652
20445
34122
19800
21560
33754
20527
21380
19695
19980
33792
20588
33644
34091
21319
21420
19923
33811
20165
20401
21582
19817
21112
20355
21292
20088
21435
33655
20406
20120
21059
33912
19801
20354
21320
20256
21568
21309
33936
21165
34040
34123
20404
19993
20323
20466
20686
20660
34024
20474
21409
20094
19803
33722
33831
19967
19908
21129
21597
21105
19860
21198
19998
21507
20362
21074
20327
21249
21446
21046
21521
20004
20013
21147
21024
20271
20516
21395
34092
20315
34007
33894
19851
33684
19804
34038
21584
21546
21351
19792
20076
20679
20697
19847
20695
19962
33867
21020
20074
21065
19667
33952
34002
21185
33889
34055
33817
21659
33944
33957
21231
20329
21295
20389
19669
21294
34069
21326
21230
33824
20233
20398
21108
33696
21633
20677
19857
34047
21346
33650
20218
21236
34095
34128
20303
19725
21473
21484
20334
20005
33887
19862
21161
20630
21492
33925
21464
21634
21417
21424
19896
20991
19944
21018
21524
20157
21009
20626
33769
20008
19697
34138
21021
20188
21591
21576
20331
20272
20221
34082
21377
19716
21677
20235
33677
20646
21202
20151
34094
19869
20176
34084
20022
20551
20478
33876
21472
20690
19714
21695
21298
19843
19660
20185
20472
20207
33931
20505
33880
20109
34077
33680
20609
21440
20082
21117
20988
21531
21396
21601
19925
21272
21291
19958
34061
33935
20642
21550
21519
20332
34045
20710
20228
20101
20682
34075
33758
21173
20492
19810
20295
20251
34132
21000
34081
21499
21057
21438
20356
20462
21702
21135
19753
33873
19871
21060
20649
34053
20291
19831
20394
21570
20471
20706
20402
20062
34119
19882
21284
33704
33810
20102
20714
20595
20473
34107
19771
33785
20006
21518
19782
20377
19939
19846
20724
21543
21372
21666
33866
20017
19786
20214
19824
20276
21237
33757
33685
33853
21069
33665
20721
34018
21641
21426
19931
20220
20392
26751
26610
26837
26788
26698
26916
26547
26492
26528
27025
27176
26489
26365
26776
26595
26592
27003
26341
27110
26712
26745
26582
26997
27016
26400
27009
26501
27198
26675
27153
26901
26723
27183
27041
26418
26830
26827
26743
26933
27196
26382
26953
27203
26676
26928
26463
27186
26783
27101
26389
26888
27052
26752
26498
27053
27132
26612
27042
26462
26854
27090
26451
26570
27058
26869
26683
26726
26634
27121
27032
26846
26951
27107
26964
26355
27209
26701
26339
26345
26703
26619
26429
26930
27169
26721
26579
26981
26580
26362
26378
27189
27094
27120
27178
27011
27142
27116
26496
26635
26982
26852
27166
26871
27119
27085
26935
26661
26936
27038
26497
27128
26758
26387
26628
26578
26855
27109
27036
26684
27108
27102
26862
26515
26383
26508
26922
26718
26597
26957
27165
26399
26939
26502
26856
27126
26488
26575
26482
26556
26744
26999
26577
27200
26962
26895
26727
26537
26954
26605
26894
26601
26574
26905
27187
26493
27027
26404
26803
26887
27111
26705
26520
26495
26813
26614
26459
26413
26420
26352
26722
26630
26499
26719
27124
26861
26785
26706
26410
26903
26442
26991
26426
26353
26740
26690
26586
27173
26900
27083
26938
26764
26505
26921
26754
26878
26949
26666
26596
26961
26880
27134
26879
26477
26806
26822
27157
26366
26942
26629
26796
27145
26927
26622
27180
27080
26517
26987
26511
26986
26484
26702
27066
26717
26347
26883
26713
26641
27073
26524
27008
26381
26431
26391
27045
26338
26397
26774
26865
26973
26527
26658
27071
26363
27192
26662
26439
26948
26653
26914
27019
27158
27130
26458
27174
27028
26762
27172
26587
26872
26599
26769
26911
27205
27033
26478
26401
27023
26479
26907
26504
26934
26649
26972
26386
26474
26920
27212
26873
26348
26787
26757
26568
26729
27213
26725
26775
26960
26377
27125
26836
27122
27063
26985
27074
26558
27096
26340
26530
26512
26367
26571
26670
26531
26409
27047
26732
27034
27127
26792
27147
26364
26351
26976
26884
26510
26548
26937
27195
26946
27004
26824
26396
27095
26627
26979
26940
26384
26794
26569
26640
26656
26651
26971
26956
26839
26738
26767
26500
26343
26673
26455
27022
26791
26866
26801
26735
27070
27000
26549
27054
27123
27026
26663
26604
26746
26632
26780
27069
26494
26881
26748
26446
27139
26867
27182
26875
27078
26565
26959
26646
26761
27048
26491
26559
26681
27164
26950
26647
26590
26817
27133
26714
27160
26816
27020
26392
27087
26417
26583
26947
26730
26588
26552
26337
27202
27075
27207
27114
26980
27194
26970
26932
26615
26969
26678
27148
27106
26672
27093
26525
26993
26660
26923
27089
26689
26591
27015
26870
26755
26913
27177
26668
26637
26742
26624
26807
27040
26823
27055
26800
26941
26349
26704
27010
26642
27136
26832
26428
26406
27763
8887
14894
14970
14743
27628
27934
15071
8869
9138
8874
8993
14914
27687
27903
34614
8871
27507
34644
9025
14957
15108
27790
8853
9012
27558
8852
8899
8982
9174
8978
27591
14975
9018
8916
27683
9337
27522
9357
27517
8876
15140
27664
27726
27898
9320
15061
27974
15141
27957
15134
14860
28010
8973
27734
9322
8856
8843
27755
14734
9390
14949
27876
14747
8920
14818
15031
15077
14995
9032
27909
8933
27688
27919
15170
9367
14817
15069
27583
27698
9094
14963
9354
15119
14840
14691
27669
14719
9259
15028
9051
27872
14866
34604
14927
9041
27752
9005
8932
27723
27840
27599
28003
15159
9048
9219
28005
14794
14733
9152
27593
9347
14819
27743
15122
9207
14915
8865
15085
9232
15113
8946
27765
15163
8854
27736
14926
8997
27891
14845
8894
9236
9119
28013
8938
9079
14790
15098
27742
8979
14833
9279
9083
14984
9411
14789
9009
14802
9402
34646
27800
14950
14724
15047
34615
27502
27772
27945
34623
27943
15155
14685
27823
9225
9199
14687
34609
27928
8935
9024
9027
9049
9026
9272
14834
8953
8870
14893
9054
8882
8913
27595
9341
34581
27584
27930
9303
27649
14832
9070
34642
27537
14748
34612
9309
9030
28014
9192
9072
9136
8960
34648
9395
15125
27513
8855
9328
15100
27779
14798
15179
15102
8890
27577
14932
27751
27619
14852
9107
9112
14771
14826
9273
9140
27993
9393
15114
28025
28001
9334
9228
15172
14849
27997
8861
27697
8965
9028
9022
14976
14795
27546
27761
14881
8925
28006
27791
14941
14755
34632
15008
9088
15126
9206
9146
27794
27795
14961
14980
9075
27644
9061
34602
8931
9014
27543
14740
27758
14702
9329
9104
9040
14768
28000
8867
14869
9123
27533
9251
9089
9020
14956
14811
14739
8919
9338
15101
27594
14697
27673
8952
27615
14837
9291
15182
27961
14769
9271
34631
9176
14920
27842
34665
27803
15148
14942
14835
34585
14737
8966
27970
34625
8992
8949
27680
27556
15103
27602
14877
9006
15020
34611
27732
27662
8860
9002
14872
15015
8873
9194
34617
14994
9093
27973
14962
15005
27670
14745
14848
27756
27875
9261
9290
27532
9244
28009
15187
27612
9121
15184
8872
15123
27783
27531
14952
27492
27979
27748
9047
15107
8974
9348
14776
14921
27654
15128
8939
28028
14945
27553
27812
28032
14988
14891
14966
9124
27515
27548
27717
34572
9196
27893
9013
15164
27938
8898
9057
8858
34652
14704
27710
14922
27773
9292
8998
9404
9103
27570
15065
9007
14871
27749
15116
14978
28012
27768
34627
14865
34597
14846
9037
27643
14761
27750
9044
34629
9134
27578
9385
14805
15013
9016
34649
9369
34657
27529
9281
15078
14838
9297
14694
9212
27625
14937
8902
14781
27879
27712
14882
9106
27810
8885
27955
9097
15151
27878
14874
14906
14803
9102
9391
27658
27587
27799
9307
27798
9175
27991
14829
9173
14948
9221
9330
27939
27913
9235
15143
15006
27990
27567
9017
8844
14752
27899
9056
9339
27694
34638
14708
27821
9223
27985
8908
27690
27764
27874
27565
27894
9143
34576
27932
14935
27887
15142
15169
9201
14751
14692
27975
14883
9038
27539
9233
8995
27859
9195
34607
27958
14772
27530
9226
8883
8991
15066
14930
14933
14796
14830
14867
8930
9372
27576
14812
27892
28030
27856
14703
9381
9231
8972
27998
9363
14801
14854
27547
8905
9077
27982
9078
9184
14693
27541
27937
14717
27805
8847
9021
9266
27877
27924
9378
14979
27918
14965
9364
9379
15062
28007
27708
9172
27972
9015
9076
27555
15014
9036
9095
27709
14844
15094
14999
27833
27830
9313
9210
9135
27585
9325
34592
14784
9133
27905
8857
28004
14731
9114
27816
27550
27651
9293
14807
27588
9066
27916
27624
34664
9139
9164
34591
27802
15149
9324
9115
14775
15153
28016
15104
27689
27608
27950
34608
27907
27843
9059
9409
14688
14707
15036
15001
27948
27796
15147
27516
27549
27787
27782
9185
15180
15033
15115
34645
27941
8888
15010
9211
9159
8977
14939
27610
9370
27725
27861
9246
15045
27986
8863
27633
9109
27647
14890
8989
8912
14944
8889
27509
14765
34582
9165
8910
14897
9234
8976
8914
15188
27499
34620
27828
27881
27609
15144
15023
27528
27832
9058
8975
27701
14828
27729
8879
14888
27703
14873
9392
15105
14898
14879
14847
9188
8984
27786
9208
9182
8951
27900
27616
9276
15084
14827
14885
14821
27824
9333
27519
14690
9198
27952
8868
8941
9302
8838
27646
14909
34658
9289
14701
34573
14711
14738
9150
27747
27711
14749
27686
9042
9092
27989
9248
27804
9197
27557
27931
8956
9241
14983
14744
27665
34616
15007
8954
9122
27586
28011
9043
9081
28022
9163
9387
27860
27846
14919
14726
15109
9371
8850
9193
14823
9220
27699
27737
27793
27987
14910
8943
8955
14767
27862
27784
8968
14782
27520
14764
9171
9023
14698
27572
15042
27922
14718
27813
9039
27579
14723
9074
8893
27753
27600
14899
27744
14786
9203
27521
8923
9238
9091
15068
34626
28021
15051
14931
9342
14938
9278
8911
9137
27927
27559
15168
9127
9237
8967
9243
9301
8848
27781
14728
14850
27596
15063
27871
27637
9286
14721
15176
9255
9230
9250
27493
9142
14705
9299
14793
14777
27806
8924
14947
27518
9410
9178
9120
14753
27936
14841
14876
14858
27636
15093
27684
15083
9204
27848
27504
14792
27962
34637
27838
27808
9343
15082
9031
27966
9268
9265
16403
16460
19614
16468
19516
33143
32950
16556
28742
28658
28668
33018
28766
32932
17763
19401
28855
19565
19635
28767
33034
28920
19548
32933
16465
28606
33064
32916
16434
33153
28833
16409
16550
16444
17824
33082
28761
17842
28784
32934
28675
28824
33151
19606
17739
19439
28893
16536
17792
17857
28676
28651
28695
28623
16412
28798
28915
33148
32918
16437
32992
28840
28809
28933
28937
19628
33134
16451
33025
28928
17791
28693
19470
28842
28878
28724
19601
17825
28936
28959
32928
28757
33044
32969
19532
33074
16524
17707
28730
16499
28614
32998
17708
19528
28679
33031
19533
28677
28894
16539
28601
28625
19398
17733
28643
17838
33119
28898
33105
28923
28815
28635
19425
19423
28827
28883
19607
16568
28912
28850
28702
28906
19617
28829
33052
33040
28858
16543
17847
33036
16374
33081
19446
32970
17737
33098
19534
32960
28703
19568
32939
16517
17745
19483
19633
16553
33060
28722
17726
28647
17786
16445
16505
33057
32910
16372
28621
33103
19529
28712
16506
33009
19501
28644
16462
28656
28779
16394
19480
16511
19530
28609
19422
28774
19525
16432
33157
16494
16470
17813
17768
16548
17775
19632
28789
33137
28692
33090
19497
16571
17840
28608
28610
32905
32904
19456
16481
17778
28604
33061
28934
19615
28925
33123
17734
16404
16480
32894
17730
28879
16381
19594
16519
19507
33046
32971
19461
16416
28689
32922
17727
33014
28611
28922
16377
17793
19408
17877
17723
28728
19465
28605
16453
28941
19414
19500
28881
17803
28839
16396
16414
28843
19437
33122
16534
28738
17762
32908
28818
32897
33141
19453
33087
28958
28783
17801
32903
19450
16433
33033
33072
17817
33022
17774
17755
33001
28817
28715
16463
17765
28854
19476
28895
33071
16569
16497
17797
19477
17834
19611
28709
19517
28747
16527
32951
19574
28917
17806
32961
19552
33104
28762
28946
16391
28719
17788
19469
28650
28796
19514
17749
33142
28903
33080
28682
17879
28763
28889
28777
19466
16413
28780
28744
28808
33084
28930
16380
17858
33051
33118
32914
33067
28803
28628
28853
28765
19459
17715
17724
16464
33094
19547
28671
16484
33147
19428
16415
19641
16443
33037
17787
28734
17849
28782
16535
28793
19645
28952
33030
16521
17867
17862
16575
28931
16479
33075
28732
17753
32963
16452
16538
19495
19498
19580
17754
19625
28627
33012
33039
16491
28872
32954
28787
16405
33032
16448
28951
19409
28648
19586
28884
28755
19433
32946
28802
28759
28745
16566
33070
19455
19537
28870
16549
19554
19407
16520
19583
19452
17839
33116
16454
28820
19648
28781
17859
19620
32976
16429
33149
19590
28771
33125
16485
16483
33111
19550
17746
19508
28950
19410
28907
28638
28721
16430
28785
33155
19638
16393
19597
17750
19478
19629
28788
16476
19520
33107
16426
32981
28640
19621
17852
32917
33117
16382
17759
19417
16529
19526
16554
28957
19608
32978
19438
17837
19541
16407
16518
16577
16419
28799
16496
19421
16427
28615
16561
17796
28805
17794
28616
28837
17704
28910
16488
19462
28914
28942
17780
17810
28916
28772
33152
16564
28865
19395
16574
28899
19420
33095
32898
33144
19585
32980
28778
17772
28642
28708
19521
19527
33063
28713
28819
16503
19624
33109
16379
16498
19430
19542
28620
33150
33114
28877
28743
28821
16399
32991
19564
17757
17861
28687
32979
28856
33110
16572
17883
28665
19479
17712
33146
32920
19412
28667
33023
16477
33056
28932
17716
28655
17744
17805
33129
19557
19637
19536
16576
33043
28956
17785
28905
16395
33053
17876
16541
28848
17884
19518
16526
28764
28760
33004
19490
32945
17729
33078
19505
19467
28733
19468
28683
32949
28740
17830
19485
28657
19595
19582
28632
19443
33002
17795
28927
33139
28756
19602
16373
17880
17871
32911
17705
17851
17719
28904
16544
33054
19403
19442
19415
28902
28896
28862
16390
32925
33126
16455
19604
33068
33085
17868
16487
16528
33138
19588
19605
28613
17770
17831
17811
32975
28758
33088
17800
19429
28876
19426
17713
17836
19460
17761
28664
32912
19596
33003
28863
16522
28619
7796
13631
10958
20819
10915
10792
7717
10981
13361
10845
13478
7920
13618
20791
10813
8019
13448
13367
7736
13560
7883
13391
20883
20741
10891
20895
10846
20914
13447
20762
10754
13595
7869
7786
13565
7827
13350
13617
7995
10971
7807
20745
20967
20953
10814
13635
20964
13427
20828
13311
13372
7945
10802
10866
13535
7925
10812
10900
13502
13422
13385
13363
10788
13326
20893
20929
8020
13467
10880
10803
13642
20754
10996
10969
13624
20925
10979
7863
13320
10983
10896
7794
13439
13408
10819
20757
8027
20946
10935
20928
13379
13625
7860
20887
7838
7729
10897
7801
7733
7903
13449
20747
10964
20957
13470
13508
13410
20949
20864
20889
7918
20758
20913
20833
7967
10940
20859
7923
8055
8029
13507
7714
7834
10999
13608
10760
13445
10751
10906
10989
7985
8011
7762
13626
20850
13573
10842
10883
10807
20919
13316
20922
13580
7708
10877
10917
7820
7765
13627
10933
13454
10980
7738
7902
10867
10992
10875
13632
20900
20905
10921
10815
13518
7899
7913
8004
13349
20870
7927
13378
13561
13522
10834
10905
10985
13590
10757
7922
13458
10892
8038
13532
13481
8035
10893
7994
8009
7900
13340
11004
20921
13620
13537
13647
20865
10943
10782
20860
20979
10950
7748
13623
13614
13495
20939
10925
20948
10863
13610
7828
20882
7970
10894
13579
20817
13402
7981
13426
13552
8000
7932
10753
10918
7773
10868
20930
10759
10821
10941
7774
7887
8015
10820
7800
7782
13483
20764
13548
13482
10939
7810
10944
7912
13523
7877
7992
20752
13462
7743
10882
10811
7978
13572
13423
7891
7826
13491
13375
7726
10949
13616
20917
13539
7878
7732
20878
7876
10938
20911
10818
7968
20855
13525
8002
20802
10998
7735
7768
20789
11007
10899
7875
10854
10928
20790
13549
20792
10830
11023
10840
20786
7963
10965
7880
20974
10903
13566
20795
10876
13314
7758
20935
20894
20950
13562
13597
20739
13416
13504
8051
13630
7707
10831
20970
10874
20884
13407
13633
13514
8031
10934
7715
10895
10809
20768
13390
13488
20901
20743
13396
13629
7936
8022
8043
13534
20799
8028
10817
7951
20848
7783
7787
20812
7781
7972
13510
20915
10777
20778
20751
8012
7865
10824
13356
11022
10850
10828
20892
10798
8007
7856
13353
13335
7989
7710
13494
20877
20808
10761
13371
10907
7740
13309
13442
7964
13609
8034
13383
7846
7915
8033
20927
13487
7937
7812
7960
11019
20862
7849
13362
13403
20885
8017
7772
8005
7907
13531
8003
13604
13338
20763
10909
11021
7745
10829
7763
10825
13489
10884
7754
10861
10873
13325
20842
13637
20823
8023
7895
7893
7839
7991
7950
13419
20876
13578
10833
10779
8036
13425
13543
20861
13563
20738
13412
10774
20934
10781
13331
13368
20933
7831
20954
20843
11000
7818
20844
20955
10827
20742
20794
13339
20826
7888
8037
10931
13613
10911
13545
13648
20897
8014
13461
7734
11005
10767
13432
13519
10966
20830
8008
13601
10970
10936
7791
13346
20959
20803
13381
10838
7901
7825
13312
13509
13542
20736
13384
7914
10826
7840
7971
7946
10945
13538
11015
10841
13611
7855
13418
7934
13473
10806
7943
13437
13463
7723
20871
13529
13588
7944
7853
13602
7857
10822
8032
20735
8041
20774
20910
13324
7874
20898
20912
7816
10750
13476
10878
7788
7957
7811
13438
13585
10913
20888
13354
20824
13360
8059
10947
20856
10794
13398
13576
13394
13501
20838
10843
10786
20951
20976
7958
7911
10957
20776
13452
7759
13589
13645
10982
10839
7941
7965
13536
13358
11024
10783
13359
10772
10870
7969
13551
7983
13364
13345
7924
13558
13343
13497
13540
10954
7955
13505
13547
7712
7999
13584
20869
13555
13583
13315
7809
7746
10975
13446
20937
10967
7949
7790
7882
13640
20904
13323
11001
7962
10919
13570
13392
20966
20947
20938
13388
6032
31158
5989
33198
5351
33395
33401
5516
5297
33167
33193
5230
5611
31090
6040
33419
5224
5225
5365
33423
31184
5313
5984
5440
5363
6053
33415
33247
5981
5658
5684
33175
33300
5674
5480
5932
5804
5323
31077
5568
5420
33350
31126
31150
5426
6023
5800
33341
31251
31109
33367
31099
31072
31125
6057
6013
33215
33191
5893
5452
5578
5350
5912
31276
5255
31130
6052
5891
31068
6001
5831
5290
5938
5803
31258
33160
5459
5266
5476
5590
5693
31267
5666
5321
5943
31018
33413
5705
5933
6064
31295
5450
33271
33221
31121
31261
33184
5787
5911
5243
5852
31275
31297
33335
31036
5237
6054
5596
5712
5226
5496
31147
31246
5830
5302
31198
5247
5466
5801
5970
5702
5799
6002
33403
5599
5850
5482
5861
5598
31201
5907
31008
5758
5579
33298
33186
5317
5414
5251
5348
5520
5320
33229
33296
5845
33307
5575
5372
33235
5585
31127
5744
33385
33161
5610
5977
31139
5561
5885
31066
5600
5442
5661
33374
5390
5380
33273
5272
31120
5843
5384
5945
5934
5871
5745
5362
5382
31060
5257
33396
31187
5729
31151
5930
33192
33425
5229
5481
5887
31199
33291
33344
5517
33205
33183
33245
6024
5728
33317
33279
5356
5914
5553
33241
31218
5483
31277
6058
5252
5543
5239
31013
5587
5967
5899
5920
33195
31250
33181
5418
31070
5311
6005
5890
5664
33384
5537
31274
5550
31279
5768
5766
5491
33382
33338
31143
5669
5660
5892
5919
5415
5689
5306
33256
33334
31134
33416
5435
5978
5786
5701
31093
31155
31131
33414
5478
6016
5879
5725
5349
31230
33218
6048
5432
31293
5710
33327
5806
31169
5525
5330
5383
5716
31080
5261
6020
33287
5340
5605
5275
31056
5468
33286
5358
5354
5663
6042
31095
33402
5739
33240
5331
33194
5312
31194
5784
31238
5873
5379
33255
5242
5405
33323
5940
5651
5487
5956
33365
33322
31124
33410
33208
5889
5464
5549
5680
31113
33246
31108
33225
31057
31035
31010
6004
6035
5752
5604
31217
5355
31058
31164
5328
5958
31104
6010
31167
5743
5339
33409
33214
5900
5950
5494
5714
31064
5858
6062
6003
33252
6069
5922
33368
5863
5841
31062
5905
5913
5789
31041
5780
33206
31023
5722
5617
5325
5964
5347
5877
5732
33238
31287
5253
33288
5528
5332
5955
31240
31280
33314
31100
5410
5833
31263
5695
33333
31236
33270
5883
31138
5554
33231
31119
5987
31202
31288
5609
5872
5547
5935
31038
31133
5364
33329
6044
5232
5769
31145
5874
31092
5284
5233
6011
5723
6046
31260
5338
33308
33304
33162
6055
5559
5467
5493
5463
31043
5865
31228
33242
5868
5236
5687
5923
5397
33417
5552
5781
5267
5423
5778
33400
5995
5396
5959
5656
5555
5505
5282
31065
5690
33189
5329
31128
5451
5271
31225
33250
31055
5898
33371
33336
5927
31227
5509
5291
31210
33360
5707
31075
33328
5910
5876
5333
5269
5776
31040
5798
5954
31107
31189
33172
33277
33249
33309
5296
5761
5670
31182
31294
31101
5238
31177
5374
5292
31162
31269
5961
6026
33258
5268
5308
5309
5818
31135
5677
5495
31096
6015
31283
31030
5998
5515
6014
5234
5346
31051
33276
31166
5582
31111
31222
5424
5878
5985
31148
5982
5960
31097
31290
5404
5304
5791
33332
5827
33179
5334
5654
33204
5779
33259
31079
33391
5299
33386
31087
31011
33427
33312
31272
33387
5763
5777
31144
5613
5936
31291
5344
31252
5839
5307
5484
5228
31045
31282
5373
5628
33171
5531
5819
31208
31098
33380
5285
5976
5647
5904
5314
31015
5343
31235
33212
33257
5832
5641
5454
31129
33262
33248
5730
5749
5456
33372
33424
5407
5794
31052
5653
5273
33211
33363
5375
33320
33254
5986
5704
5835
31118
5630
5583
31025
33226
5584
6051
5529
33200
5727
5262
5856
6061
33326
5882
5581
5615
33280
31266
5460
31181
5300
31191
5855
5502
5249
5999
5659
5774
33173
31016
5816
31173
33190
31141
33377
5361
5834
5741
33165
5765
5626
33393
31017
5394
31183
5406
5523
31081
31084
5726
31185
33216
31026
31161
5747
31061
6043
5764
31053
6063
31020
5571
5678
5867
5685
5813
5298
33264
5918
5947
33357
5992
5713
6018
5316
5931
5993
31160
5403
6065
33223
5574
33230
5542
31262
31241
33375
31256
31156
5250
33405
33185
5963
5283
5588
6021
5817
5965
5772
25187
8387
12440
25303
17520
8802
8472
25239
25213
12488
25634
25162
25403
25367
15450
17400
17250
17517
25485
25311
15420
8773
25575
12831
25607
12450
8379
12457
8774
25363
25188
15437
25569
15208
12612
12749
17282
25154
8653
8675
12458
25199
15397
12602
25619
25313
25362
12604
17444
17505
8350
12477
25125
25263
25208
15317
8409
8726
25333
8428
8572
25421
25394
12883
8583
12944
8717
25144
8761
12910
8635
15358
12483
17329
25565
12723
8743
25346
8344
17330
8704
12426
15200
17233
12946
8702
25556
8575
15410
12850
25242
8514
8691
15243
25114
25477
8711
25176
8822
25376
25448
8655
8407
25161
15319
12855
12553
17273
25236
8789
15300
8759
8468
25635
8629
25511
12952
12725
15478
12442
15489
17504
8524
15424
8382
25205
25581
15503
12507
15386
8672
17380
12759
12615
12919
8756
12819
15427
25325
12942
25142
17305
17396
8736
25122
15327
8803
17301
25167
12484
8540
8424
8602
25447
17493
15250
15404
8680
12730
12838
25617
15383
8645
8663
8673
15426
15249
15400
12835
15215
8666
12676
12940
25450
25182
12490
25283
15225
12767
17318
8729
12682
8561
12932
15213
12834
12704
17465
17358
17309
12686
25632
25611
8751
25464
8368
12557
25576
15357
8374
12600
12578
25501
12849
12589
15336
17260
12844
12782
25436
12796
15341
17414
8748
25486
17315
12446
17527
25316
8414
8516
12430
25478
12636
8459
25145
25229
12497
12431
25251
15242
12598
15345
8325
17357
15235
12481
15344
8511
8475
12601
17468
25320
17267
25608
12439
17455
25301
12521
17281
25369
17512
12634
12779
12531
15202
25120
17420
25622
25245
25146
8470
25482
12740
15496
17375
12691
25255
12880
12812
25390
12698
25410
25203
8742
8762
12755
25626
15398
8817
15401
25422
15378
8339
25540
12877
25456
8778
8792
15245
25147
8788
8650
15277
12661
8552
25163
15310
25513
12920
15193
25601
25149
8433
8337
25202
8776
17276
12788
25165
8380
25588
25368
15352
12911
12836
25445
15288
12486
12950
15425
8796
12778
25616
25525
12552
17448
25224
12653
8456
25631
12523
12624
12596
15305
12462
25471
25211
25462
8378
15226
17319
15361
15439
8396
12652
25241
8750
12700
12781
15273
12537
15449
17463
12954
25183
8535
25414
17528
12536
12609
12741
8481
12597
25290
12623
17352
15444
25228
8520
12764
17486
12479
12655
17477
25597
12752
12500
12593
12447
25121
8594
12528
12762
12679
12937
25613
15387
12455
25355
25568
12798
12580
8449
25151
17408
12429
8598
8813
25580
25430
25198
8388
25158
17277
25288
17263
17226
17270
15452
17354
17350
12843
12517
25274
8453
12881
15314
12861
12922
15285
12674
8783
12959
15474
8640
12718
25377
8360
8689
8725
8804
17367
17286
15218
8542
12443
15269
8522
15293
25243
12565
12492
12766
17439
12554
8781
12840
25133
25219
17469
15343
25636
15375
17237
12696
17391
12807
12953
17275
25624
15222
8349
25542
25531
25412
17274
15324
17473
17379
12821
15447
8596
8451
25426
25401
15480
15321
8719
15299
8686
17534
12695
12566
12745
17339
17253
12864
12464
15209
12435
15385
8420
25519
12529
12427
25533
17407
17279
25302
25210
12441
17256
12784
8458
8322
25639
17481
8819
8532
8508
17360
12502
15461
12930
17355
8805
8821
17382
25326
8669
17453
8706
17374
25535
15509
12654
8496
17426
12640
25424
25467
17518
12858
15459
25275
15262
15350
25640
8749
8651
17506
12482
25590
8376
17251
12702
25150
25130
17425
8771
17434
15307
8613
17326
15366
25278
15395
17298
15281
17454
8824
25137
12799
17419
25108
12569
8464
25567
15330
25282
8678
17416
12876
12687
8752
8448
12925
12897
17377
15365
25495
12751
8329
8341
12590
25096
25550
8593
25299
25185
8754
17542
25129
12923
25343
12463
25286
25100
15479
15422
12872
25515
25439
12586
25633
12560
12761
8684
25131
8608
15512
12878
15445
8712
8487
8392
25420
12637
8394
15198
8764
12684
17485
17244
8763
12498
8692
8683
25280
12475
8488
25143
15493
8356
17397
25538
8835
17532
12669
25342
15393
15248
17471
8491
15216
25240
12585
25460
12884
17392
8471
12765
25514
12793
17351
17499
12939
12724
25534
17497
17366
25345
15516
15348
17338
25186
8587
17293
25546
12869
25179
8567
12543
8469
25559
25324
15237
25395
15502
25209
12568
15379
17422
8769
8397
12943
15197
25349
8688
17438
12837
12785
8605
8791
12663
17247
17421
8766
12556
8358
25293
12760
12532
25393
15196
25606
12563
17234
25269
12599
17332
12628
17437
17502
15247
12619
8811
8319
17544
15430
25138
8515
15309
25281
8721
17496
17472
15332
25110
25417
8787
12746
8346
15491
12631
12584
12712
15199
12701
8556
15402
8826
25583
25396
25506
12763
15278
25264
12573
17452
8823
25483
12904
17345
8527
8369
12461
8739
15372
17480
12747
25623
25429
12733
25113
12824
12790
12909
8534
8347
12915
15495
15297
25589
17248
17340
25166
12664
12499
15485
25555
12495
17410
25135
8667
8403
8576
8323
25126
25285
17446
25372
15414
15256
12508
8793
12863
25373
15381
8814
15287
17536
8727
8747
8442
15467
8565
8599
8366
25139
15373
8383
25221
8541
25596
8461
8355
25341
15477
15203
17271
12768
15405
25406
8685
12539
8463
12504
12958
17327
8603
8724
25358
12908
25173
25530
25170
8399
8523
12620
17475
17243
12547
17529
25431
25524
8361
17321
8332
12848
15236
12865
12512
25104
17353
17370
17474
8665
12771
12538
15454
12677
12948
12591
8617
15377
25399
12642
25521
25309
12503
12928
8371
25433
25106
8648
12594
12888
8671
17487
25522
25621
17418
15394
15322
25212
12795
25246
25250
15353
17268
25503
12791
15334
8354
12891
8502
12660
12533
25557
12709
15335
25598
15212
12658
12608
12727
25518
25289
8547
15251
8405
12955
12816
8662
25335
17509
8324
17539
17427
15264
12842
12707
25473
12577
25273
15263
17232
12750
12770
12931
15282
25340
25193
12708
17303
25295
25413
25612
17381
25235
8619
15501
17404
15342
25470
17364
25510
8834
15239
12808
25244
12826
8570
8330
12525
25380
12646
25152
15220
8581
25365
12633
15360
8372
25194
17325
8730
15407
8444
15338
25425
15476
25348
12451
25124
12639
12510
17280
12947
8574
25257
12890
8539
17490
17304
8564
12428
17264
17361
17523
12957
15457
25502
8687
12595
8402
17310
17432
8400
8701
15462
17324
25200
12916
8401
12935
25306
8757
17443
15511
8571
8699
17394
12472
15456
8765
12830
8390
17423
12716
12841
8595
25438
17347
17441
8812
25615
25560
8525
25334
8644
12650
17372
8489
8408
25618
25234
25409
12867
25574
15413
8705
8419
15442
25359
25469
12506
12720
12635
25602
25614
8437
12705
12938
15409
12522
12719
25468
12647
25539
8716
17450
25489
8690
12742
12592
17236
8476
12754
8485
8439
25474
15468
12513
25364
8351
15308
12706
25329
8668
8343
25526
12744
25472
12732
15231
17458
12527
12887
8554
8816
25344
25454
17312
25103
8513
17242
25164
15210
12875
17428
12914
25371
25276
8639
17306
17500
12817
8785
15380
15389
25197
12688
12737
25610
15313
12894
8410
17405
8519
25552
8545
25259
8624
17129
11568
25876
32303
32526
32571
32081
25672
32590
3156
25939
11979
12360
2999
25779
32345
12356
11947
4067
11697
32396
11871
11971
3020
25720
32216
32202
26103
12348
12163
25901
11997
32137
32123
11632
26077
25923
3169
32550
32195
4070
32515
11401
16990
11905
16977
4092
32348
25713
32238
2980
32501
32165
32241
11478
32512
2978
32532
26106
11662
11541
17038
3084
32539
11523
25896
11633
11909
32221
32572
11443
26015
11413
11877
32098
2933
26002
32247
12168
11387
25676
11899
11694
11586
32516
4088
12123
4219
25646
25853
16945
32555
16966
32494
32525
12364
32129
16954
12135
12344
25822
11833
12120
25782
17050
11823
17075
2860
2865
32113
16958
11891
25844
25984
3142
3060
25899
32424
2887
25716
11465
25730
32158
11595
26109
12357
25852
4117
11423
32329
4224
4296
4043
2897
11656
11490
11722
11924
26085
11577
12009
12212
12324
11976
11887
17204
32408
32309
12133
32286
25751
12161
25723
11683
25800
11393
12419
32508
12018
25670
25669
16940
4297
12038
11882
16946
17118
11784
3111
25864
4106
25989
4170
25968
11917
4102
12164
32308
17061
3034
25764
16928
3030
32547
11800
17042
32314
25972
25712
25919
12159
2881
32295
4272
11919
25655
4227
25659
32520
11959
12346
12359
26081
32330
32352
4228
16936
32101
17157
32320
4081
12010
11873
11530
12321
3072
4301
12337
25891
11723
12285
4077
2993
11855
4146
16926
11693
32404
17206
17116
26031
32146
11827
25814
16914
11894
11813
32562
4097
11524
32578
11439
11438
11646
3063
11486
12291
32524
17167
11616
11760
4275
26100
11853
25810
11982
3056
32480
32291
4036
25870
17196
17213
4149
25762
4283
11405
12027
25783
11759
16949
17073
12049
26028
12122
11837
32092
17133
17162
16969
2846
2935
25650
3145
25792
32368
12092
3109
4260
32534
32102
11772
25742
4141
11497
17076
17163
11556
25788
17193
11444
32350
12368
11572
26094
25952
12054
32141
32433
17177
32201
3078
25879
32297
11640
2888
2936
12254
17174
11613
11966
2871
2940
11703
32162
25803
4215
12073
3028
25851
2952
12145
12144
11868
25727
32184
11546
2901
3146
17158
32090
12286
11677
26000
12192
32376
11518
12320
11441
32403
4191
12094
32189
4064
32531
4169
4054
25878
12415
11896
16943
2841
11653
11533
11426
12413
12310
11920
2965
17160
16983
11396
11945
26104
4175
11480
26102
12392
3150
32342
32269
12397
11672
2961
25986
2923
26005
12240
12026
17155
25679
32357
11564
11611
3076
12398
12391
3080
25833
2843
12105
25674
16988
32115
4205
26101
32460
3144
17151
12275
11400
11960
25648
2973
12012
32323
2863
12193
2974
32284
3062
17020
25682
4287
12066
11803
4132
12375
32325
26020
11394
11984
4230
32161
32461
11446
32577
26034
11754
11407
17014
11933
3025
32249
2954
12317
17113
12002
32358
4165
11534
11427
32114
2947
32167
32262
12263
11435
26045
25871
25724
16935
11817
11420
11885
11588
25773
12313
32429
12029
4086
12111
32361
11988
12019
11668
17110
11728
2882
16939
32077
11907
26073
4291
26083
12210
32487
32187
12243
11700
11758
11452
2955
32383
11637
32121
3108
4171
12195
32506
25990
12399
17019
26026
4229
32344
32232
3136
17021
11558
26096
12384
12412
26008
11647
4221
17059
4072
4152
32446
25843
11753
2886
17148
2939
17161
4295
4209
12157
17170
25827
32244
17037
26038
26061
11417
16968
32097
26066
32144
32540
12030
26095
11457
32179
25895
4256
17166
2970
12128
4206
11773
11471
3163
11612
25936
4194
12182
12385
32188
17105
2975
32469
17056
12143
32486
11953
11513
12347
25759
12280
12007
32363
4116
4154
32491
26022
11642
25768
12089
11414
4237
17147
16964
4178
4269
25865
12102
25826
25858
17002
25926
12156
11888
25970
4176
17207
4267
12177
26011
3024
16923
11738
32545
4208
11547
32267
11687
2967
3112
32192
32393
32390
17216
32096
12075
26004
12000
12046
4089
4082
25653
32190
12114
11902
12379
16944
12230
3105
32374
32138
32088
32301
2904
11510
25748
32431
11470
11932
3117
11424
32499
12139
4045
26090
16987
12109
3140
11600
25869
32442
32505
11739
11750
17031
12220
4311
32395
25935
32518
11675
32316
12234
12312
12034
32549
3087
17142
4193
4160
4226
11744
12394
32552
32175
17124
11483
12155
25996
32422
32543
11774
11565
17215
2858
11879
26043
11654
17024
11846
11686
11391
32522
11718
2905
32445
25647
32456
32583
3042
4310
11876
32371
11923
32086
32490
32272
16918
12388
25734
12022
16976
11583
11941
32462
25877
12369
3122
11797
11552
2892
25988
32212
11796
17053
11714
11551
25873
11715
12229
12294
12342
4253
26048
11538
32191
32279
11540
32373
32180
17131
11900
25976
16907
11748
12222
16947
26108
25690
11904
32333
17136
12178
4248
12241
11388
12081
4174
26058
17082
32248
2885
3123
32441
32563
11561
25733
32412
17192
17045
11460
11847
3043
11705
32575
11776
17086
32582
11710
11468
4101
3046
12326
16921
26079
12363
32211
26032
25654
25983
11962
32322
11747
32359
2986
26012
11704
16915
2877
16967
25686
3003
11820
2924
17102
32584
25958
32281
3141
17187
11869
12042
11755
32458
17135
32193
4222
17058
25700
11408
12025
3006
11745
11974
3032
25761
12327
12206
32387
12248
32504
16975
2928
12153
11992
25755
25778
12136
25997
4074
2861
11627
32208
4126
32425
32574
11536
2856
17087
11492
11795
32385
32485
11689
25745
12318
12047
11597
11951
26068
12077
32437
11406
17067
25887
11912
11557
2869
2879
17107
4134
25795
32537
25994
12167
32151
12336
12406
11579
11866
12386
32405
32553
12260
4048
2870
11858
11498
11840
16994
12043
3022
12131
11716
12325
16951
4181
12316
32530
25696
3167
32197
11458
16978
32586
11628
4306
4213
3007
17165
25820
11382
17182
4162
32541
16937
32215
4271
3164
3168
25652
17069
2915
4243
12383
17094
3008
4285
26025
11844
2966
32340
25752
25925
11741
17200
12282
32259
11450
32290
2878
11794
11786
11432
32302
12171
17099
11911
11585
12414
25726
4161
25886
32527
11508
4147
11996
11479
4096
17197
25967
11631
11462
3106
11553
25947
32091
17088
4217
3035
12070
12283
11605
25941
32298
25644
11818
11815
2900
12402
2854
11908
11872
25863
17181
25765
2896
32108
12147
25715
3016
32163
32204
32473
11688
3083
4133
17205
4145
2894
11733
16995
11425
11829
11746
32339
3139
11381
17022
25823
32285
25979
17119
12292
4258
17033
25774
11591
4120
25643
11810
11777
32509
32447
11734
25834
11664
11398
11824
32293
25837
12358
11732
12055
3012
25987
25796
25888
25805
11535
25809
25737
3047
2998
12355
25971
4100
25707
32260
11787
4180
17103
12236
2931
32270
11720
12050
25840
32496
16997
4196
12057
32502
32476
32318
11826
12003
17153
3104
11788
17104
12309
25824
32463
12200
3079
32381
32229
3019
32360
17018
32224
12209
12194
12036
16970
12390
25832
4118
11522
2929
4284
25642
17011
12080
26013
32307
32278
25880
11970
11927
16919
32364
4090
3055
26041
17211
32107
2853
3029
12378
11721
32095
11608
32256
2960
4303
26065
32457
12261
3102
11717
12211
17012
32355
32253
32389
4038
4128
25663
3068
12376
2988
12035
26017
11767
2927
4279
17225
32450
12371
4315
11968
11836
12404
12287
3166
25836
11491
25722
3124
12169
11643
11963
17106
32492
25922
4061
32467
11906
11965
25798
25694
4091
11566
3116
3158
3131
3075
26087
3149
3148
2976
4197
4236
12064
25695
3093
11749
25649
17029
12301
4080
25691
25719
11762
4185
4280
11967
11663
25913
17199
26007
26071
12339
25953
17065
32331
4158
12253
17072
4127
32243
2953
11768
4305
25920
26092
25725
17145
26053
4307
32288
17179
12023
26016
12045
12004
12365
12296
3053
11913
17041
11845
4245
4078
25675
12100
11952
32559
11769
32182
3065
11981
11517
12189
4157
4252
25831
25889
4184
17026
11895
4204
11946
4281
32178
32432
11854
12190
32275
4183
3126
16979
32103
25907
32089
11863
11589
2984
32169
25961
11520
11624
32443
4309
17097
4052
17154
12245
32481
3135
2851
32399
12039
26001
4135
4083
25841
25709
4125
12345
17201
12295
25760
11527
32186
3147
32227
25991
4313
12370
25747
25938
11587
4189
11972
11466
11635
2919
2962
2909
17092
11709
26110
17156
32126
25951
11505
25932
32414
25671
25799
25839
25902
4098
2972
11867
11995
25797
11771
12387
11801
12340
32517
4263
4166
11618
32250
3054
12328
2987
2898
12149
4124
12311
16953
17062
25657
4314
16982
4254
32557
3071
2903
3023
11501
25847
2926
12259
12173
17010
17008
11706
32199
25978
32542
25741
25974
25914
17141
4112
26006
17195
12424
25710
25937
11791
12204
4302
32173
11473
4109
3073
12372
4225
12124
25687
25807
32440
32194
12231
16960
12152
25962
4065
4234
12084
32299
11545
4153
11884
11459
25903
4179
17221
11942
11379
4320
11495
12271
32439
4056
12103
4068
32234
32109
16950
32321
25928
25927
16991
12063
11834
32112
32452
17223
11958
25706
11950
17128
32475
12221
11843
12305
25688
25812
4138
12132
32120
11699
16933
12322
32343
11806
32100
3011
11731
32366
2849
12015
26010
3134
17070
11751
17127
12059
25929
3066
32222
11620
16971
4274
2949
25893
11725
11645
32300
11451
4119
12304
11421
17164
3037
2981
12158
32168
17080
12400
25857
4317
12279
25711
11925
4203
17035
25830
3015
11658
12235
32568
11385
32365
25829
8087
8090
8222
6628
6623
33543
6480
6426
33476
33504
6441
33458
8157
8200
8309
6395
8271
33493
6637
6471
8287
8167
33549
8300
8262
6602
8114
8250
33527
6498
6615
8317
33507
33464
6502
6633
33503
33587
33596
8296
8215
6404
6522
33631
8110
8069
33577
6361
8201
8256
6372
8303
8198
33526
33444
33461
6516
33610
8230
6369
33517
33530
6421
8125
8212
6400
33513
6399
33597
8228
33578
6434
33553
33611
33473
6627
33606
6477
8183
6493
6582
8141
6456
6511
33506
33585
6439
8264
33453
8152
33562
6638
33592
8142
33623
8103
33581
6492
6519
8117
33558
6360
6565
6431
8244
6409
6609
6389
6412
6520
8182
8081
6641
6440
33603
8151
8066
6535
8162
33545
6497
6394
8161
6525
8147
33456
33539
8079
6406
6606
6469
6620
33542
33590
33459
8085
8178
6448
8096
6564
33463
8166
6584
6543
8099
33561
8304
33632
33557
6366
6457
8252
6371
33627
8307
6592
6499
33569
6490
8107
8205
6626
8153
6597
6473
8088
6370
8104
8078
33550
8065
8123
8097
6629
8216
33529
6453
6639
6599
6598
33512
6562
6610
6524
6581
33443
6398
6611
33624
6572
6465
6365
8310
8311
33620
6425
6635
8226
8192
8302
6432
6506
33451
8093
33478
33460
8268
8106
6529
8306
33467
8111
8286
8128
6424
33455
8261
8102
33540
8064
33514
6578
6363
6523
6542
8129
8295
8209
6505
33622
6403
8247
8163
6632
6555
8266
33563
6640
33621
33496
8177
6576
8076
6527
8278
6634
6461
33559
8235
8165
6554
8089
6488
8229
8180
6466
6391
8214
6614
6563
6625
8206
8193
33630
33576
8150
33532
6591
8259
6484
6577
33531
8211
33604
8145
8297
33468
33523
6538
6619
8133
8289
33500
6595
8131
8136
8210
6546
33618
8159
33510
33508
8267
33586
8313
6379
8146
6452
33469
6407
8149
6618
6586
8282
33442
33541
8115
8158
8277
6405
8174
8255
6526
6494
33570
6530
6495
33466
8208
6594
8084
6459
8155
8265
8291
6481
6583
8288
6612
33534
6579
33568
8204
8257
8077
6436
8063
6566
6382
8172
6549
6430
8171
6567
8170
6438
33556
8195
33446
33498
8294
33445
8071
33625
6427
33536
6396
6392
6420
33619
8105
33546
6454
33472
33449
33575
8292
6449
8281
6444
8070
27260
15800
2355
9437
6
378
257
15980
404
9510
29027
29494
9625
29302
16067
180
14508
29094
27282
29207
2229
16113
2314
2198
2194
16032
2212
9681
29265
15890
9574
9573
29510
15833
9540
304
14276
16110
9553
74
2103
2374
16047
29052
15996
326
29154
135
244
349
29085
108
14565
275
27451
240
15993
29377
14283
29115
27386
14440
27385
2270
216
27402
14251
27479
179
15927
9459
29296
9519
14245
9759
9588
9644
27333
29403
29395
27336
2385
2070
29009
8
125
143
377
132
401
9501
9767
2192
2296
279
28996
2185
29043
14481
27467
2309
267
2376
29340
16104
14653
16005
29364
2211
29420
14556
126
27326
14419
391
313
15915
28972
2377
27318
29338
16037
29084
2267
9687
29319
45
14431
16030
29303
9453
15895
29035
14635
343
2227
9755
9457
29341
9685
29026
374
29110
27225
15793
14385
14394
200
15937
15986
15878
27231
29218
14632
27292
14285
15826
14279
9420
14233
14295
14639
29029
2059
2315
27230
9606
147
27486
27360
29402
2054
27427
14518
9756
29326
9446
9485
32
2358
9707
14499
29453
29507
2320
14648
14224
248
14323
129
29206
138
2299
2213
14198
15867
29093
212
14401
78
14536
9468
9694
9534
16006
9749
241
14616
29079
48
2
29053
29244
9713
112
14212
254
29404
14579
266
2092
14463
29202
44
9618
27480
29074
2288
29506
127
14663
15982
2050
29116
2175
139
14207
15958
9655
29082
14181
56
2067
14552
9745
15860
281
2228
14449
258
27308
29112
14582
9455
2325
29268
9765
27469
9753
14531
15840
27396
9448
14450
29411
29487
9570
2331
27464
9428
29369
14243
15951
14584
27262
2262
29200
27295
27418
25
2084
29474
29075
14417
14512
386
2302
15957
15796
2279
29199
14467
157
16099
15933
381
29459
9731
29417
14608
29066
2319
14338
15972
29473
2348
29439
15816
29311
9646
195
29323
14326
9741
16018
9509
9711
27322
14183
9431
250
14438
14182
9670
29126
2104
2328
9500
15874
14177
2064
9704
29406
2260
14614
9614
15999
29129
342
29215
14232
9555
29342
148
15977
11
137
369
27434
9538
9653
9532
359
27426
2136
14410
9433
14606
29430
316
29396
14493
84
14165
29336
14563
15817
14597
29101
29089
14607
29227
14516
14196
14465
15924
2221
276
27414
15896
27348
14179
149
2066
2234
16103
2106
15882
2171
29138
14298
66
29224
181
29151
29148
14487
29243
27247
102
14623
9586
29177
88
9760
9730
29324
16025
14457
29405
9435
113
27448
9602
2247
186
2206
16028
29391
14373
14208
29131
29107
9516
14314
9577
27216
260
90
128
15903
9569
27301
9450
2080
9429
14681
29217
16039
27476
15983
29322
14282
29209
9779
27377
14397
15902
27388
9610
168
134
9498
2240
14452
15844
28965
28
29513
16087
164
2295
14168
27381
29400
27484
9517
15836
27483
29419
162
145
14423
2056
29267
14378
256
155
14229
16002
2276
16049
2121
2095
14227
14528
16016
2085
211
14560
9722
29048
14640
27243
375
15864
27391
2048
14524
29119
15805
2113
2344
14609
29380
9669
29334
14509
15792
15855
16044
14593
27439
392
14247
16111
9424
14570
29485
9619
14576
15809
288
118
9530
29370
159
29100
14327
29335
9733
15881
360
50
29464
15969
15941
338
9724
15801
16060
15911
2381
9727
27368
14354
29117
27406
27359
14484
16115
269
29147
14682
2317
2167
2342
9491
2097
29058
27407
16007
158
29312
273
29298
29423
9488
15798
14197
2182
9490
14330
29397
14595
9504
15968
29088
14297
29388
2108
14429
9640
9505
9515
9559
29503
14441
29508
2291
29329
9557
14680
29081
14453
27392
9497
9460
14205
14244
29266
9643
14294
9474
28974
2362
334
29197
14461
14399
16055
54
29247
16081
2188
9608
14178
14575
15928
29124
182
29192
9604
9754
380
29460
14610
9603
29174
29382
14356
9442
371
27458
29492
2236
27454
9584
29270
2196
9728
14523
27477
29139
27413
27482
29073
178
2049
9445
29359
14191
14311
29471
9672
9537
27320
28993
2382
14525
355
2249
15825
14619
27331
14557
15949
27473
29246
27272
16109
9506
9449
14259
15814
229
29305
29350
9762
15984
15870
15841
2051
15851
29258
27444
15791
2195
16003
29299
27307
29386
14363
398
29289
209
29001
27350
9716
2109
15806
9590
29039
29436
27296
14219
27316
2252
9605
173
2089
29463
29214
27234
27249
15830
389
9668
328
2086
27466
14657
46
29020
15852
2105
9434
27358
16021
16012
255
14456
9744
14482
16105
14214
14445
9676
28989
2060
29287
14548
130
29331
27472
14350
14188
14348
14464
15989
2351
14679
29130
53
27468
16107
314
14299
29164
387
9436
15944
9
14562
29295
9578
9706
346
2268
15886
2368
29376
14302
115
27
9747
2199
29461
67
14617
15866
16059
176
2135
27253
14510
14318
15979
29438
70
15853
14175
9623
27349
251
9478
29065
29282
2087
14402
16010
16086
393
27465
2272
15842
27232
14603
2330
81
365
14347
2283
9556
2371
2235
16063
29040
15975
2225
9458
29123
29259
9422
9769
29500
330
14228
29275
27340
14567
9621
14580
2363
28988
2286
15863
2163
29221
29099
21
29091
28983
27267
15970
29505
29057
2372
27362
14223
230
15934
2313
2321
27453
29476
9660
14544
2293
15875
9773
2128
9479
15950
14537
27220
9475
29261
2300
29470
29195
65
2134
29481
2114
27290
9502
15925
29318
29165
221
29320
7
14340
9772
9774
2173
29120
73
38
29422
14396
27237
15922
9416
29486
16071
303
291
27460
9571
335
2367
14291
29092
14319
2223
27315
161
14258
15897
9631
339
2127
9708
14678
15880
27265
29021
15948
29024
14471
2149
98
14395
29171
29454
29173
16053
9489
225
9678
14265
9587
29070
14650
29355
14602
16078
9522
18
29005
14234
29343
15932
29415
188
14325
16042
16112
14543
22
27297
41
27302
16083
27277
15868
29153
14267
2340
29433
14222
9463
27241
52
9580
27242
16051
9451
2190
14415
14367
107
15883
26
27269
29163
2245
14332
15936
29344
259
14352
293
29274
14187
27285
14271
319
2181
14591
14284
29230
29450
16108
16102
14306
29521
14442
29102
29242
27337
16084
29462
29354
14569
29390
39
14659
16020
9562
27351
9561
9701
28969
80
15824
15931
120
9746
119
29071
15859
27363
310
117
14641
2107
14521
16065
14328
27371
29135
27255
265
14631
27287
29109
15827
14613
14517
9421
29076
14275
16013
15995
29059
79
9535
9596
197
2334
14564
9740
29408
29179
9663
287
2383
27403
271
340
29140
14473
29490
14502
206
202
9692
14201
64
29098
14503
29254
29392
16056
14612
27264
27240
14492
2081
14519
9630
2205
86
2132
14683
29208
27224
27323
263
318
9742
9585
29037
15856
2353
29152
2271
14389
9595
9734
29016
2250
213
14425
2065
29491
29212
14333
14317
2219
29149
29012
9477
14422
372
15861
27238
14542
72
394
29368
14300
9714
16079
29458
29353
29446
16085
2357
14433
14589
14626
29118
27329
320
15935
9657
27420
220
9776
2073
14594
27376
15905
14186
2297
9558
2068
15985
28992
283
2349
14497
166
131
14527
14220
2142
2364
29426
94
358
14260
16091
29068
27346
14489
274
28971
16106
27389
15952
29033
14176
2243
15858
27431
27478
15959
140
14320
9547
29455
174
227
2307
2217
27474
28990
29170
14538
185
315
2078
9454
15807
14290
15872
14369
2326
2269
106
14331
2122
2102
233
28987
352
9492
14430
29501
29414
14189
29041
9735
2310
16066
27390
27304
15862
14646
23
2222
9780
27229
9417
29168
14405
27271
96
14344
28973
14312
15947
15920
9751
28968
61
2275
29190
15822
9589
165
14615
14240
2356
2238
27328
29252
14645
15879
27338
29361
9414
9696
2147
9545
14486
29362
235
2336
14549
9721
27445
9480
14390
2062
2384
29061
29211
14391
9591
29253
307
2208
14264
9700
14342
27314
27367
14647
29235
14413
9649
14403
16027
15845
376
2203
14665
30
29337
29186
14296
14381
14428
15960
29187
228
14371
2277
14308
15823
14412
14432
27455
9698
27412
29432
29162
29468
29363
2099
2187
14627
14587
9609
9656
5
27339
14466
9597
16004
14605
42
252
28975
367
27343
9628
28970
14407
29161
27286
14561
34
29512
29518
15839
27452
82
29367
9462
29238
16048
9521
27274
2230
302
2237
14624
14668
2324
29469
9467
16031
14633
28995
29285
15869
9761
15967
16036
15910
28999
177
15906
27356
27457
29204
2369
29401
317
9487
14185
13
16061
2303
16054
29166
2207
27327
14498
27374
9682
2101
14490
297
14384
27311
14522
9496
15802
14170
193
9752
99
1480
24901
5201
16173
24638
1390
1470
1294
5043
1485
16319
1463
5018
5123
16133
24906
1509
16199
25043
16137
5159
5036
25060
5120
5194
4998
25064
16326
5024
1471
24774
25021
4992
1338
24796
24795
24876
1382
5199
24714
1469
24803
5175
16214
1261
25051
24656
24958
16246
5058
24637
24857
16277
25092
16153
16336
25057
24962
16189
24754
24642
16270
24716
1422
1450
24655
24632
5216
5140
1304
25059
5016
24649
16314
24793
5074
5181
5128
1262
25066
24970
5196
1507
24767
24989
1282
1375
1355
1521
5040
25088
5173
24686
24947
5212
24791
24997
16237
25089
24653
24993
1401
1477
1293
24694
24792
1393
1212
16360
16231
1452
16185
1389
24938
1334
1431
1464
16321
25029
24729
16123
16286
5122
16244
4993
4978
16215
24692
5070
5161
1426
1305
24683
24760
24980
25069
24708
1251
24904
24854
1217
1420
16122
1423
16283
16302
1320
1296
24974
16221
1425
5205
5030
24647
25018
5092
1218
1456
5097
24677
24959
5104
24786
5099
16320
16366
1438
1386
24915
16176
24788
16351
16200
16349
1461
1374
16233
24846
16129
24641
5041
1279
5057
5085
24926
16134
16312
5063
25062
1253
16322
1419
24952
16220
1434
16236
25039
1313
24726
16353
24651
16347
1436
4996
5198
1437
4988
24838
5193
24945
24802
25035
1447
4984
24921
24918
25081
24840
16219
24919
16227
24858
1511
1238
24732
5113
24797
5112
1333
25080
16136
5014
25023
5184
5064
16303
16121
24798
16307
24995
16309
24663
25003
5046
1347
25001
1307
5002
16273
1209
5221
16275
16289
25090
24654
1250
25019
1486
24843
5187
24873
24984
16213
24892
24811
25041
24899
24678
24720
24842
16128
1510
1332
5141
16301
24894
1410
1276
4987
1230
16230
24929
16266
1302
5152
16332
1311
5019
5192
1489
5100
16257
24752
5148
5143
24823
24787
16362
24738
24949
16225
25004
5206
1318
1402
24816
1373
1353
16117
1408
16260
5007
1440
24664
24965
1297
1441
1397
5157
24832
24722
16331
5189
16196
1324
24670
1241
1211
16340
25022
16328
16361
1428
5039
5174
4997
16152
1225
16171
24813
16235
5061
5129
24697
1421
1315
24719
1285
5177
24718
24969
1326
1378
1321
1392
16272
25047
1508
5135
24898
5164
5215
1268
1322
1330
5032
24885
5136
1254
5210
5106
1227
5118
24644
5121
24715
24770
16238
5220
5133
24831
24751
24979
1400
5156
16367
16222
1356
16245
25002
4979
24636
24691
24669
1221
1524
5035
1216
4983
16155
24869
5168
5114
1210
1405
5119
5185
5059
1499
24800
24953
24784
1465
1453
16338
16330
1412
1314
1407
5090
24821
16282
1454
24690
5071
1229
4977
16294
16305
5165
24756
24785
5033
1370
1259
1415
16253
16144
25008
16138
16205
5195
5026
16126
1443
16350
1388
1517
5029
25091
1394
25005
5179
24777
1514
1495
16150
5095
24781
5209
1457
16124
16234
24779
1503
25071
1252
16342
24841
5083
16370
24804
16206
24890
16259
16186
16364
4990
5134
16359
1292
5154
24748
24775
25042
1329
24961
16149
16226
24780
5078
5004
1323
24822
24709
25094
1222
16154
24987
16310
5037
16178
16207
16168
1364
24871
1414
16228
1214
1519
5005
16190
24910
25036
24976
5045
16306
1258
5182
1325
16345
5160
16368
1213
24940
24695
24652
24737
24988
5048
25078
16208
1290
5021
24711
16251
5056
24676
25031
1288
24942
16183
24908
5077
24799
1352
1445
24766
24981
5076
4994
5191
24706
1391
24757
25077
1270
16241
1365
1239
25087
1327
1316
1235
1512
24679
24913
1385
5042
24983
1336
16166
5124
1462
24758
24971
16211
1275
16175
5075
5080
1358
1418
24778
1301
1350
1396
24724
24964
25017
24855
1236
24745
24633
16323
24687
1523
24861
4985
1328
1244
24742
1483
24658
5163
1411
1300
1416
5150
24721
1345
24812
1478
16346
16127
1376
1260
1490
24849
24830
5047
24833
16249
4995
16195
24628
16232
1479
16146
24999
25014
24809
24902
24789
16163
5202
16280
1342
5208
16365
1234
16140
16141
1295
26313
11230
17566
11323
26284
11199
11221
26202
3959
13087
3733
3952
13231
11335
17683
26225
17622
13031
3679
11357
11295
11035
13168
11137
13298
3881
13029
13278
3931
11282
17555
13196
3839
17696
4031
13267
17641
11114
11060
13055
11124
13034
3878
11045
3618
3868
26244
13040
13289
13084
26240
13041
11336
13080
11087
3625
26185
11310
17673
13134
3663
11217
17601
26292
13056
11066
3770
13136
11119
11281
11298
13217
17695
26259
13251
3740
17586
11077
11083
13044
17632
11184
3908
13285
3940
3630
4029
11075
3830
17567
13030
13020
13238
26322
13021
26319
3705
11252
26111
17661
3826
26315
11102
13208
17650
13234
17584
26333
17593
11166
12976
3911
11244
17582
26249
3797
17578
11224
13230
11191
17615
26282
3977
26290
3752
13130
13079
13137
26178
26325
3703
26145
17616
3604
13098
26155
11349
11033
3919
13166
3809
3932
13265
12968
26141
26186
3732
13207
11264
12993
17682
26200
13252
3991
11201
13261
11108
11115
13186
13014
11152
13078
26219
11113
11236
13033
3954
3867
13257
11070
13105
3766
26138
11277
17689
3998
11287
17564
3711
26289
11126
13115
13113
17684
11316
13123
26216
13028
11190
11280
3681
3863
3965
3802
3757
13081
3745
3620
3734
3821
11171
3917
26184
17558
13114
17575
17672
26137
13169
3749
11327
13266
3623
26182
13190
17623
3772
13065
17669
11216
3888
13210
11159
3760
11082
3784
3894
26327
26241
3987
11212
11183
11032
17644
13172
17639
13304
11279
11338
11319
26158
26231
13059
26120
11057
3982
13167
3656
11284
13009
26299
17663
17666
3898
3759
11288
3896
3763
3972
3603
3861
3870
11138
11326
11042
4009
17604
4035
13239
13135
26294
11273
13085
3879
11099
11320
3746
13070
11038
26214
13175
11140
13073
11312
17649
13176
3695
13182
13249
11371
17691
4018
26172
13233
17681
11134
13201
11317
3872
13096
11131
3837
11353
11100
17676
3817
13083
3819
11356
11373
13159
11205
13126
3913
3738
26133
26254
13288
3903
13129
11376
26251
17621
3774
11325
26239
13171
26117
11177
26116
13300
3964
11259
11092
26323
11026
4024
26277
3900
11181
11031
4001
3747
3928
13156
3850
11328
11090
17693
11202
26227
11302
26122
3951
26274
4019
3935
3717
3902
12984
13077
3882
11366
11208
26194
4025
13295
3960
3997
12975
3631
13301
11321
3613
11340
13086
3905
11056
3984
11329
11117
17591
13012
17674
3794
26232
13209
3674
3938
3985
26113
26181
17595
11151
11039
13144
4020
26224
3724
3791
3833
11178
26303
4004
11228
13154
17620
13104
17598
4021
11133
26112
3891
26212
13062
13152
3946
3988
3669
17640
26262
13032
3936
11136
11158
11170
13013
26153
11106
13158
3941
3862
3728
11358
13066
11255
3756
11251
3696
26142
26246
17671
3676
13026
13150
13236
17667
13039
3855
13290
3781
3816
3852
11294
26260
26264
3736
13197
13211
17610
13011
11132
13235
13132
26199
11085
17612
26252
3609
26234
13067
11355
13141
3653
11129
13149
11315
26245
17642
13157
13206
3835
11189
11300
13220
17652
13008
11301
26161
3849
3804
11360
11222
3765
13140
3838
13189
11142
26312
3785
26210
26235
26243
11173
13072
13286
12986
26272
3786
26316
13275
26307
11185
11235
17603
3921
11285
13151
11299
26248
11225
11163
26177
3814
17587
13025
26152
11025
26228
3974
11207
3880
13147
11074
13095
11261
26285
3684
17548
3719
17590
13244
3926
11048
11220
17680
3708
11175
13192
11241
13280
26135
26150
13188
3924
11122
3771
13090
11370
3714
13228
17546
3682
17626
3723
26288
26230
13179
11061
13125
17668
11248
11290
3739
3915
17659
17581
13089
3914
11239
13075
13258
3758
13270
26253
3655
11029
13225
3968
11332
13273
3937
13082
11331
26332
3858
26256
4023
17701
13292
13100
26188
3742
13276
3632
26211
17636
13272
3961
11337
13005
13247
13199
26276
26220
11193
17545
26328
13200
3636
26306
13043
26147
11187
3889
11245
11283
13124
11186
11121
26321
3710
17677
17568
3661
3637
11028
26196
13133
12972
13116
17585
11050
13003
11156
26269
3748
3929
3818
12980
26301
11367
11249
17572
13222
17675
13102
17609
26114
11111
4026
11110
11363
13281
3624
11125
11088
3649
11107
11080
13194
3698
12990
17685
11063
11238
11197
3979
3744
26336
11206
11311
3953
4012
11262
3769
13047
13198
11145
17569
3790
13038
13262
11362
11257
3642
13121
13058
13048
13018
4022
17614
26263
26190
11144
12992
11188
26238
3789
26296
26167
4034
3909
17596
11072
3702
17654
12988
12966
26198
13119
26223
11240
11307
13183
11147
26335
3634
26205
3994
13287
26295
11352
3754
3621
3775
26123
11054
11027
13117
3650
3690
13022
3668
11369
13122
3778
3825
13006
11342
13101
11361
11368
13279
11341
3886
3856
4007
1937
2001
1913
4392
1698
1906
1769
1600
1641
1639
1896
1630
1603
4409
1952
32663
1999
4329
4359
2011
4416
4332
2008
1871
1970
32708
1809
32867
32763
2003
2015
32778
1690
1843
32836
1821
32823
1812
1545
4374
32769
32606
1931
1594
32726
1824
2033
4424
1599
1969
32727
4381
32824
32592
1818
32801
1944
32840
1976
32740
1928
1544
32641
1687
1904
32733
1526
4410
1591
2037
32841
1841
1814
1878
32715
4433
1631
4321
32704
1899
1546
32883
32884
32661
32725
32826
32862
1655
4369
1678
1713
1785
32615
32660
1598
32643
32697
1574
32762
32624
32675
32832
1822
1660
1760
32723
4334
32830
32850
32818
2009
4323
32629
1816
1925
1615
1784
1553
1715
1674
4365
32626
32891
1873
4415
32829
32878
4341
4330
2010
32876
2006
1562
1983
4344
32665
1757
4420
2042
32842
1975
1613
32648
1919
1702
32854
1985
4436
32707
32797
32596
4435
32628
1988
1567
32600
32738
1973
2023
1804
2022
1538
1837
1941
32835
1939
1709
32888
1633
1993
32746
32786
32717
1679
1719
4393
1802
1810
2019
1652
1947
1794
1883
4375
2044
1658
32886
32724
1972
4384
1722
32770
1876
4388
1717
1826
1808
32813
32749
4345
32839
2000
2043
32802
1558
32674
1711
1704
32843
32684
1966
1748
4354
4335
32765
1581
4326
1891
1667
32683
1917
32869
4328
32815
1525
1923
1844
32632
2039
1900
1938
32764
1697
32644
4404
4397
32680
1614
1651
1770
4353
1657
1997
1961
1566
32777
32788
1729
1724
1705
4429
1762
32751
4405
1783
1608
1813
32662
32642
1645
4394
1951
1855
1991
32603
1840
1675
1741
1940
1720
32798
32698
32834
1915
1889
1872
32617
32654
1848
1839
1554
1912
32789
1902
1774
4346
1877
1579
1792
1849
4370
1875
1659
1984
1648
1683
32775
1815
32679
1834
1694
1869
32863
1842
4417
32635
4336
4414
1564
1901
1577
1634
1934
1542
32771
4338
32796
1956
32657
32730
32799
32688
1977
1699
1677
1759
32659
1863
1965
32817
1773
1786
1981
1537
1551
32735
1590
32806
1707
32693
32696
32783
1905
32611
1989
1681
1942
2012
4438
1663
4411
1861
1864
32593
1775
4348
1689
1995
32772
2013
1781
1617
1750
1629
1916
2034
32731
1926
1539
1661
1547
1666
1755
1647
32868
1857
4327
1733
1778
4347
1758
32747
1829
1903
1754
32877
1846
32893
1858
1682
32719
4373
1536
32760
1700
32656
1865
32872
4357
1795
1776
1550
2029
32820
4383
1910
1716
1691
32851
2005
32794
32671
1817
2028
1859
4412
32761
32699
32734
32619
32848
1527
4432
1701
1637
1924
4364
2017
1676
1606
1879
1765
4399
1828
1695
1654
2046
1740
32881
1732
32718
1827
32721
32677
32787
1950
1708
4413
32870
1643
32630
1668
1744
32748
1561
1921
1730
1570
4422
4337
1963
32711
32627
32647
4368
32639
1571
1580
1880
32598
1646
4363
32729
6660
6779
7001
6803
6791
6687
6668
6894
6736
6801
6918
6805
6920
6682
6872
6987
6703
6947
6732
6958
6846
6978
6925
6658
6890
6760
6983
6782
6669
6951
6679
6855
6917
6902
6869
6691
6724
6898
6816
6990
6903
6901
6807
6678
6930
6835
6767
6656
6755
6909
6701
6884
6819
6936
6832
6661
6965
6680
6893
6746
6998
6790
6960
6708
6826
6809
6851
6697
6753
6824
6759
6721
6891
6994
6959
6876
6667
6717
6705
6806
6970
6731
6741
6786
6750
6982
6804
6776
6827
6817
6877
6991
6949
6972
6754
6683
6967
6948
6848
6702
6932
6928
6857
6788
6943
6919
6690
6871
6716
6783
6644
6984
6712
6686
6887
6950
6764
6735
6646
6885
6860
6778
6797
6992
6995
6939
6828
6852
6976
6908
6921
6648
6955
6696
6792
6700
6873
6942
6734
6694
6880
6651
6730
6749
6812
6969
6843
6768
6840
6695
6662
6647
6997
6752
6927
6989
6654
6971
6710
6785
6961
6692
6704
6745
6823
6845
6672
6913
6665
6684
6818
6870
6999
6770
7002
6856
6659
6758
6883
6875
